time	T1	T2	T3	T4	T5	T6	P
0.043999671936035156	24.487278656334098	26.95272690371481	1.2447509765625	-1	-1	-1	
0.2743959426879883	24.487278656334098	26.95272690371481	2.3807373046875	-1	-1	-1	
0.4613628387451172	24.487278656334098	26.95272690371481	2.5740966796874996	-1	-1	-1	
0.6373372077941895	24.487278656334098	26.95272690371481	2.3323974609375	-1	-1	-1	
0.8243908882141113	24.5184499043621	26.95272690371481	1.329345703125	-1	-1	-1	
1.0003533363342285	24.527801278770497	26.95272690371481	1.0030517578125	-1	-1	-1	
1.17637038230896	24.487278656334098	26.95272690371481	2.1390380859374996	-1	-1	-1	
1.3633334636688232	24.487278656334098	26.95272690371481	1.93359375	-1	-1	-1	
1.5512356758117676	24.487278656334098	26.95272690371481	1.8489990234374998	-1	-1	-1	
1.7271976470947266	24.487278656334098	26.95272690371481	1.4501953124999998	-1	-1	-1	
1.904618501663208	24.487278656334098	26.95272690371481	2.054443359375	-1	-1	-1	
2.0805344581604004	24.487278656334098	26.95272690371481	1.93359375	-1	-1	-1	
2.2675583362579346	24.487278656334098	26.95272690371481	1.6918945312499998	-1	-1	-1	
2.4545719623565674	24.487278656334098	26.95272690371481	1.2447509765625	-1	-1	-1	
2.6305577754974365	24.487278656334098	26.95272690371481	2.3323974609375	-1	-1	-1	
2.8065285682678223	24.487278656334098	26.95272690371481	1.8973388671875	-1	-1	-1	
2.993530035018921	24.487278656334098	26.95272690371481	1.4139404296875	-1	-1	-1	
3.1694400310516357	24.487278656334098	26.95272690371481	1.087646484375	-1	-1	-1	
3.356496572494507	24.487278656334098	26.95272690371481	1.3656005859374998	-1	-1	-1	
3.5324478149414062	24.487278656334098	26.95272690371481	1.8973388671875	-1	-1	-1	
3.720672845840454	24.487278656334098	26.95272690371481	1.8127441406249998	-1	-1	-1	
3.8991615772247314	24.487278656334098	26.95272690371481	2.2115478515625	-1	-1	-1	
4.068441867828369	24.487278656334098	26.95272690371481	0.966796875	-1	-1	-1	
4.266646385192871	24.487278656334098	26.95272690371481	1.5347900390625	-1	-1	-1	
4.4376232624053955	24.487278656334098	26.95272690371481	1.571044921875	-1	-1	-1	
4.6226441860198975	24.487278656334098	26.95272690371481	1.571044921875	-1	-1	-1	
4.801128149032593	24.487278656334098	26.95272690371481	2.3807373046875	-1	-1	-1	
4.986105442047119	24.487278656334098	26.95272690371481	0.604248046875	-1	-1	-1	
5.171153783798218	24.487278656334098	26.95272690371481	1.7764892578125	-1	-1	-1	
5.3406641483306885	24.487278656334098	26.95272690371481	1.8127441406249998	-1	-1	-1	
5.525518178939819	24.487278656334098	26.95272690371481	2.3807373046875	-1	-1	-1	
5.7039268016815186	24.487278656334098	26.95272690371481	1.3656005859374998	-1	-1	-1	
5.888932704925537	24.487278656334098	26.95272690371481	4.3143310546875	-1	-1	-1	
6.074005842208862	24.487278656334098	26.95272690371481	1.9698486328124998	-1	-1	-1	
6.2433788776397705	24.487278656334098	26.95272690371481	1.8489990234374998	-1	-1	-1	
6.4278564453125	24.487278656334098	26.95272690371481	1.2447509765625	-1	-1	-1	
6.609119892120361	24.487278656334098	26.95272690371481	1.8973388671875	-1	-1	-1	
6.7906060218811035	24.487278656334098	26.95272690371481	3.021240234375	-1	-1	-1	
6.9757163524627686	24.487278656334098	26.95272690371481	1.93359375	-1	-1	-1	
7.160712242126465	24.487278656334098	26.95272690371481	1.6072998046875	-1	-1	-1	
7.3300018310546875	24.487278656334098	26.95272690371481	1.8127441406249998	-1	-1	-1	
7.5084686279296875	24.487278656334098	26.95272690371481	2.4169921875	-1	-1	-1	
7.693497896194458	24.487278656334098	26.95272690371481	1.20849609375	-1	-1	-1	
7.872795820236206	24.487278656334098	26.95272690371481	1.1722412109374998	-1	-1	-1	
8.062862157821655	24.487278656334098	26.95272690371481	1.6918945312499998	-1	-1	-1	
8.247843503952026	24.487278656334098	26.95272690371481	2.7432861328125	-1	-1	-1	
8.426246166229248	24.487278656334098	26.95272690371481	2.2115478515625	-1	-1	-1	
8.595666408538818	24.487278656334098	26.95272690371481	1.0030517578125	-1	-1	-1	
8.780176639556885	24.487278656334098	27.256846778341593	2.3323974609375	-1	-1	-1	
8.965198993682861	24.487278656334098	26.95272690371481	2.17529296875	-1	-1	-1	
9.149776458740234	24.496630030742498	26.95272690371481	1.93359375	-1	-1	-1	
9.328141927719116	24.487278656334098	26.95272690371481	1.329345703125	-1	-1	-1	
9.513182878494263	24.487278656334098	26.95272690371481	1.6072998046875	-1	-1	-1	
9.682637214660645	24.487278656334098	26.95272690371481	3.021240234375	-1	-1	-1	
9.867671966552734	24.487278656334098	26.95272690371481	2.0906982421875	-1	-1	-1	
10.052657842636108	24.487278656334098	26.95272690371481	2.4169921875	-1	-1	-1	
10.237215042114258	24.487278656334098	26.95272690371481	1.6072998046875	-1	-1	-1	
10.41567087173462	24.487278656334098	26.95272690371481	1.8127441406249998	-1	-1	-1	
10.585082054138184	24.487278656334098	26.95272690371481	1.6918945312499998	-1	-1	-1	
10.77005124092102	24.487278656334098	26.95272690371481	1.93359375	-1	-1	-1	
10.955124855041504	24.487278656334098	26.95272690371481	1.8489990234374998	-1	-1	-1	
11.140052556991577	24.487278656334098	26.95272690371481	1.6556396484375	-1	-1	-1	
11.318547010421753	24.487278656334098	26.95272690371481	2.0906982421875	-1	-1	-1	
11.50361704826355	24.487278656334098	26.95272690371481	1.087646484375	-1	-1	-1	
11.672723293304443	24.487278656334098	26.95272690371481	2.65869140625	-1	-1	-1	
11.857780933380127	24.487278656334098	26.95272690371481	1.1722412109374998	-1	-1	-1	
12.042269706726074	24.487278656334098	26.95272690371481	0.7250976562499999	-1	-1	-1	
12.22075366973877	24.487278656334098	26.95272690371481	2.6224365234375	-1	-1	-1	
12.405761480331421	24.487278656334098	26.95272690371481	2.296142578125	-1	-1	-1	
12.575192213058472	24.487278656334098	26.95272690371481	2.2115478515625	-1	-1	-1	
12.760269165039062	24.487278656334098	26.95272690371481	1.7764892578125	-1	-1	-1	
12.945233345031738	24.487278656334098	26.95272690371481	1.20849609375	-1	-1	-1	
13.123700141906738	24.487278656334098	26.95272690371481	1.6072998046875	-1	-1	-1	
13.308666706085205	24.487278656334098	26.95272690371481	1.4501953124999998	-1	-1	-1	
13.49369740486145	24.487278656334098	26.95272690371481	1.6556396484375	-1	-1	-1	
13.678704500198364	24.487278656334098	26.95272690371481	1.8489990234374998	-1	-1	-1	
13.847908973693848	24.487278656334098	26.95272690371481	3.5892333984375	-1	-1	-1	
14.026303768157959	24.487278656334098	26.96204313503737	2.054443359375	-1	-1	-1	
14.211235046386719	24.80834251102251	26.95272690371481	1.4501953124999998	-1	-1	-1	
14.396302461624146	24.487278656334098	26.95272690371481	1.7281494140624998	-1	-1	-1	
14.580856800079346	24.487278656334098	26.95272690371481	4.3505859375	-1	-1	-1	
14.750240564346313	24.487278656334098	26.95272690371481	2.17529296875	-1	-1	-1	
14.944359302520752	24.487278656334098	26.95272690371481	1.3656005859374998	-1	-1	-1	
15.11373782157898	24.487278656334098	26.95272690371481	2.537841796875	-1	-1	-1	
15.298818826675415	24.487278656334098	26.95272690371481	2.1390380859374996	-1	-1	-1	
