time	T1	T2	T3	T4	T5	T6	P
0.10040545463562012	62.33490828497436	26.95272690371481	82.9390869140625	-1	-1	-1	
0.33197641372680664	62.24584757632293	26.95272690371481	80.93298339843749	-1	-1	-1	
0.5013196468353271	62.343814355839505	26.95272690371481	85.4044189453125	-1	-1	-1	
0.7019748687744141	62.225066744304264	26.95272690371481	81.6097412109375	-1	-1	-1	
0.896075963973999	62.32600221410921	26.95272690371481	79.3619384765625	-1	-1	-1	
1.0654544830322266	62.38537601987684	26.95272690371481	81.69433593749999	-1	-1	-1	
1.2504301071166992	62.2963153112254	27.02356228668726	83.7850341796875	-1	-1	-1	
1.4354004859924316	62.21616067343912	26.95272690371481	84.67932128906249	-1	-1	-1	
1.6046972274780273	62.1864737705553	26.95272690371481	83.023681640625	-1	-1	-1	
1.7987401485443115	62.16569293853664	26.95272690371481	83.14453125	-1	-1	-1	
1.9681837558746338	62.08850699103874	26.95272690371481	80.69128417968749	-1	-1	-1	
2.1529650688171387	61.999432777079676	26.95272690371481	84.0267333984375	-1	-1	-1	
2.337944269180298	61.95685741391949	26.95272690371481	80.48583984374999	-1	-1	-1	
2.52290940284729	63.14890611745122	26.95272690371481	82.33483886718749	-1	-1	-1	
2.701225757598877	65.21374976576696	26.95272690371481	81.573486328125	-1	-1	-1	
2.8812904357910156	68.4832458767189	26.95272690371481	83.10827636718749	-1	-1	-1	
3.06325626373291	72.2001661207769	26.95272690371481	82.50402832031249	-1	-1	-1	
3.2482237815856934	76.65332155635339	26.95272690371481	82.26232910156249	-1	-1	-1	
3.4175899028778076	81.61709172153142	26.95272690371481	82.540283203125	-1	-1	-1	
3.6025807857513428	86.9325910577129	26.95272690371481	82.17773437499999	-1	-1	-1	
3.7810256481170654	92.60709435263206	26.95272690371481	82.8182373046875	-1	-1	-1	
3.964446783065796	98.31948329748536	26.95272690371481	80.364990234375	-1	-1	-1	
4.1474997997283936	104.45794347324075	26.95272690371481	80.48583984374999	-1	-1	-1	
4.3300557136535645	111.06314549285456	26.95272690371481	83.9058837890625	-1	-1	-1	
4.512835741043091	117.68659409667991	26.95272690371481	80.32873535156249	-1	-1	-1	
4.695681095123291	124.43942463690469	26.95272690371481	83.6279296875	-1	-1	-1	
4.878514766693115	131.28954555627013	26.95272690371481	81.0054931640625	-1	-1	-1	
5.053189992904663	138.53970607783907	26.95272690371481	83.023681640625	-1	-1	-1	
5.238711595535278	145.44490966246562	26.95272690371481	83.54333496093749	-1	-1	-1	
5.411773920059204	152.58611658252542	26.95272690371481	82.6973876953125	-1	-1	-1	
5.596820831298828	159.9175311171336	26.95272690371481	82.540283203125	-1	-1	-1	
5.781851053237915	167.3112881477978	26.95272690371481	84.5947265625	-1	-1	-1	
5.9512412548065186	174.99506378827758	26.95272690371481	86.0811767578125	-1	-1	-1	
6.1357293128967285	182.44499206696977	26.95272690371481	85.1143798828125	-1	-1	-1	
6.314181804656982	190.04460533777393	26.95272690371481	84.5947265625	-1	-1	-1	
6.497682094573975	197.58804736055015	26.95272690371481	86.649169921875	-1	-1	-1	
6.680464744567871	205.20636338017113	26.95272690371481	91.39855957031249	-1	-1	-1	
6.863003730773926	212.66246290689134	26.95272690371481	91.724853515625	-1	-1	-1	
7.0454206466674805	220.27441867375154	26.95272690371481	96.35339355468749	-1	-1	-1	
7.228264570236206	227.7678606965277	26.95272690371481	102.3233642578125	-1	-1	-1	
7.3957884311676025	235.17396022324783	26.95272690371481	107.88244628906249	-1	-1	-1	
7.580807447433472	242.6997202354061	26.95272690371481	116.65612792968749	-1	-1	-1	
7.765837669372559	249.82394278378746	26.95272690371481	123.71374511718749	-1	-1	-1	
7.950761079788208	256.96879494862407	26.95272690371481	137.04345703125	-1	-1	-1	
8.129215717315674	263.22743479812664	26.95272690371481	141.998291015625	-1	-1	-1	
8.314237833023071	268.23308106681833	26.95272690371481	144.7415771484375	-1	-1	-1	
8.49923300743103	271.7911649880632	26.95272690371481	143.5693359375	-1	-1	-1	
8.668487548828125	274.7106184619053	26.95272690371481	143.931884765625	-1	-1	-1	
8.853514194488525	276.3265986363315	26.95272690371481	140.2218017578125	-1	-1	-1	
9.031981706619263	277.30157195498634	26.95272690371481	140.2218017578125	-1	-1	-1	
9.216995000839233	277.6056816918448	26.95272690371481	139.90759277343747	-1	-1	-1	
9.402024984359741	277.5570241339475	26.95272690371481	136.56005859375	-1	-1	-1	
9.571409463882446	277.3137363444606	26.95272690371481	134.8319091796875	-1	-1	-1	
9.756370067596436	276.80158908247256	26.95272690371481	132.9345703125	-1	-1	-1	
9.934850931167603	275.9878793567111	26.95272690371481	134.022216796875	-1	-1	-1	
10.119876146316528	275.08771453560985	26.95272690371481	127.738037109375	-1	-1	-1	
10.29650616645813	273.84998790659563	26.95272690371481	127.97973632812501	-1	-1	-1	
10.48958134651184	272.3598501959887	26.95272690371481	121.85266113281249	-1	-1	-1	
10.658939599990845	270.9092467511735	26.95272690371481	116.8978271484375	-1	-1	-1	
10.837365627288818	269.327876119509	26.95272690371481	115.89477539062501	-1	-1	-1	
11.0223228931427	267.758669877319	26.95272690371481	111.45959472656249	-1	-1	-1	
11.207228660583496	266.04349096143676	26.95272690371481	109.5743408203125	-1	-1	-1	
11.392245054244995	264.310065461343	26.95272690371481	106.8673095703125	-1	-1	-1	
11.561606645584106	262.5766399612493	26.95272690371481	100.87316894531249	-1	-1	-1	
11.755709171295166	260.642502034829	26.95272690371481	100.78857421875001	-1	-1	-1	
11.933191061019897	258.90680344810374	26.95272690371481	97.5618896484375	-1	-1	-1	
12.115085124969482	257.1512607907392	26.95272690371481	95.7491455078125	-1	-1	-1	
12.295027256011963	255.24449274063613	26.95272690371481	94.0572509765625	-1	-1	-1	
12.477686166763306	253.81990777624435	26.95272690371481	92.9696044921875	-1	-1	-1	
12.660662174224854	252.30064902289166	26.95272690371481	93.41674804687499	-1	-1	-1	
12.843761205673218	251.11462104914327	26.95272690371481	90.4317626953125	-1	-1	-1	
13.018542766571045	249.99850177274425	26.95272690371481	88.099365234375	-1	-1	-1	
13.201454401016235	249.0540129574959	26.95272690371481	88.61901855468749	-1	-1	-1	
13.38377046585083	248.54483230773488	26.95272690371481	87.37426757812499	-1	-1	-1	
13.566349983215332	248.2528869603507	26.95272690371481	89.307861328125	-1	-1	-1	
13.749054193496704	247.98831148928375	26.95272690371481	87.82141113281249	-1	-1	-1	
13.929809808731079	247.76631138137702	26.95272690371481	87.5797119140625	-1	-1	-1	
14.102478265762329	248.2528869603507	26.95272690371481	88.37731933593749	-1	-1	-1	
14.285490989685059	248.566119989315	26.95272690371481	85.92407226562499	-1	-1	-1	
14.47028398513794	249.30338294171983	26.95272690371481	88.4256591796875	-1	-1	-1	
14.65069842338562	249.85511403181545	26.95272690371481	89.15075683593749	-1	-1	-1	
14.835397481918335	250.60675778858956	26.95272690371481	87.09631347656249	-1	-1	-1	
15.015287160873413	251.25755262546681	26.95272690371481	86.28662109375	-1	-1	-1	
15.189285516738892	251.77453917812636	26.95272690371481	87.13256835937499	-1	-1	-1	
15.364218950271606	252.3219367044718	26.95272690371481	84.3892822265625	-1	-1	-1	
15.549101114273071	252.77810130975956	26.95272690371481	86.0811767578125	-1	-1	-1	
15.72757339477539	253.20895131489556	26.95272690371481	84.957275390625	-1	-1	-1	
15.912540912628174	253.40533017747194	26.95272690371481	86.49206542968749	-1	-1	-1	
16.097479581832886	253.69522278413237	26.95272690371481	85.682373046875	-1	-1	-1	
16.281305074691772	253.74821390577995	26.95272690371481	86.044921875	-1	-1	-1	
16.451163053512573	253.78873652821636	26.95272690371481	86.649169921875	-1	-1	-1	
16.645237684249878	253.81055640183592	26.95272690371481	85.2352294921875	-1	-1	-1	
16.824143648147583	253.42715005109153	26.95272690371481	87.16882324218749	-1	-1	-1	
17.006033182144165	253.28064518536	26.95272690371481	85.1627197265625	-1	-1	-1	
17.185671091079712	253.1154375708116	26.95272690371481	86.044921875	-1	-1	-1	
17.367457389831543	252.9392794702946	26.95272690371481	86.0811767578125	-1	-1	-1	
17.540153741836548	252.60475875975018	26.95272690371481	84.3167724609375	-1	-1	-1	
17.73197078704834	252.49223815711247	26.95272690371481	87.37426757812499	-1	-1	-1	
17.903515577316284	252.14859415446242	26.95272690371481	85.28356933593749	-1	-1	-1	
18.09801197052002	251.84448441760384	26.95272690371481	84.75183105468749	-1	-1	-1	
18.27976155281067	251.88401868339545	26.95272690371481	87.25341796875	-1	-1	-1	
18.461374521255493	251.61031992022274	26.95272690371481	84.3167724609375	-1	-1	-1	
18.643131017684937	251.50084041495364	26.95272690371481	84.75183105468749	-1	-1	-1	
18.825150966644287	251.48867602547932	26.95272690371481	86.28662109375	-1	-1	-1	
19.00456666946411	251.2058539702009	26.95272690371481	84.8726806640625	-1	-1	-1	
19.18862247467041	251.23626494388668	26.95272690371481	83.9058837890625	-1	-1	-1	
19.370046138763428	251.2666759175725	26.95272690371481	84.75183105468749	-1	-1	-1	
19.551867723464966	251.3487855465244	26.95272690371481	84.5584716796875	-1	-1	-1	
19.733446836471558	251.32749786494432	26.95272690371481	86.649169921875	-1	-1	-1	
19.923686027526855	251.50084041495364	27.235639097282107	84.11132812499999	-1	-1	-1	
20.10553479194641	251.66201857548873	26.95272690371481	84.232177734375	-1	-1	-1	
20.287319898605347	251.71371723075467	26.95272690371481	84.35302734374999	-1	-1	-1	
20.469177722930908	251.94484063076717	26.95272690371481	87.3380126953125	-1	-1	-1	
20.652945280075073	251.90530636497556	26.95272690371481	85.0418701171875	-1	-1	-1	
20.83244299888611	251.98741599392739	26.95272690371481	86.0811767578125	-1	-1	-1	
21.005239009857178	251.9661283123473	26.95272690371481	87.25341796875	-1	-1	-1	
21.190232753753662	252.2002928097283	26.95272690371481	84.232177734375	-1	-1	-1	
21.375142097473145	252.11818318077655	26.95272690371481	84.14758300781249	-1	-1	-1	
21.544341802597046	252.17900512814825	26.95272690371481	89.7066650390625	-1	-1	-1	
21.73834490776062	252.35234767815763	26.95272690371481	83.95422363281249	-1	-1	-1	
21.918105125427246	252.18812842025403	26.95272690371481	84.8001708984375	-1	-1	-1	
22.097874879837036	252.05736123340483	26.95272690371481	84.2684326171875	-1	-1	-1	
22.27615189552307	252.18812842025403	26.95272690371481	83.38623046875	-1	-1	-1	
22.461087703704834	252.13947086235663	26.95272690371481	83.71252441406249	-1	-1	-1	
22.63034725189209	252.07864891498494	26.95272690371481	84.5101318359375	-1	-1	-1	
22.815342664718628	252.05736123340483	26.95272690371481	86.12951660156249	-1	-1	-1	
23.000253915786743	252.21853939393986	26.95272690371481	85.4769287109375	-1	-1	-1	
23.17870330810547	252.13947086235663	26.95272690371481	87.0479736328125	-1	-1	-1	
23.363616704940796	251.8536077097096	26.95272690371481	84.8001708984375	-1	-1	-1	
23.54852533340454	251.91442965708129	26.95272690371481	85.19897460937499	-1	-1	-1	
23.717909336090088	251.9265940465557	26.95272690371481	83.990478515625	-1	-1	-1	
23.90237545967102	251.76237478865207	26.95272690371481	84.14758300781249	-1	-1	-1	
24.080758094787598	251.68330625706884	26.95272690371481	86.044921875	-1	-1	-1	
24.273850679397583	251.88401868339545	26.95272690371481	84.35302734374999	-1	-1	-1	
24.445366859436035	251.69242954917448	26.95272690371481	82.86657714843749	-1	-1	-1	
24.62702488899231	251.75325149654628	26.95272690371481	84.3892822265625	-1	-1	-1	
24.808876752853394	251.81407344391798	26.95272690371481	84.6309814453125	-1	-1	-1	
24.990482807159424	251.69242954917448	26.95272690371481	83.30163574218751	-1	-1	-1	
25.172308206558228	251.76237478865207	26.95272690371481	84.92102050781249	-1	-1	-1	
25.357630014419556	251.91442965708129	26.95272690371481	86.37121582031249	-1	-1	-1	
25.53939390182495	251.94484063076717	26.95272690371481	82.90283203124999	-1	-1	-1	
25.721534252166748	251.89618307286977	26.95272690371481	83.8333740234375	-1	-1	-1	
25.903658866882324	251.95700502024147	26.95272690371481	83.42248535156249	-1	-1	-1	
26.07883048057556	252.00566257813887	26.95272690371481	86.12951660156249	-1	-1	-1	
26.263729333877563	251.86577209918394	26.95272690371481	87.2171630859375	-1	-1	-1	
26.442187309265137	251.9265940465557	26.95272690371481	84.8001708984375	-1	-1	-1	
26.627121210098267	251.72284052286045	26.95272690371481	86.56457519531249	-1	-1	-1	
26.79641890525818	251.90530636497556	26.95272690371481	84.2684326171875	-1	-1	-1	
26.98134422302246	251.82319673602376	26.95272690371481	84.8001708984375	-1	-1	-1	
27.16579580307007	251.99653928603308	26.95272690371481	81.8514404296875	-1	-1	-1	
27.344257354736328	252.01782696761322	26.95272690371481	80.93298339843749	-1	-1	-1	
27.529129028320312	252.02695025971892	26.95272690371481	82.86657714843749	-1	-1	-1	
27.714064598083496	251.9661283123473	26.95272690371481	85.59777832031249	-1	-1	-1	
27.883315086364746	251.90530636497556	26.95272690371481	86.407470703125	-1	-1	-1	
28.06782078742981	251.79278576233793	26.95272690371481	84.8001708984375	-1	-1	-1	
28.246269941329956	251.95700502024147	26.95272690371481	83.9058837890625	-1	-1	-1	
28.43121027946472	252.05736123340483	26.95272690371481	84.5101318359375	-1	-1	-1	
28.616199016571045	251.89618307286977	26.95272690371481	83.14453125	-1	-1	-1	
28.785460710525513	251.77453917812636	26.95272690371481	84.473876953125	-1	-1	-1	
28.97033452987671	251.9265940465557	26.95272690371481	84.83642578125	-1	-1	-1	
29.148778200149536	251.9265940465557	26.95272690371481	85.4044189453125	-1	-1	-1	
29.333646774291992	251.88401868339545	26.95272690371481	84.35302734374999	-1	-1	-1	
29.518572330474854	251.74412820444053	26.95272690371481	84.67932128906249	-1	-1	-1	
29.703500986099243	251.90530636497556	26.95272690371481	85.5615234375	-1	-1	-1	
29.872764348983765	251.76237478865207	26.95272690371481	85.6461181640625	-1	-1	-1	
30.051159620285034	251.78366247023214	26.95272690371481	84.83642578125	-1	-1	-1	
30.24576187133789	251.83536112549805	26.95272690371481	83.023681640625	-1	-1	-1	
30.428682804107666	252.00566257813887	26.95272690371481	83.42248535156249	-1	-1	-1	
30.610281944274902	251.8049501518122	26.95272690371481	83.47082519531249	-1	-1	-1	
30.790329456329346	251.88401868339545	26.95272690371481	84.92102050781249	-1	-1	-1	
30.96394944190979	251.89618307286977	26.95272690371481	82.6248779296875	-1	-1	-1	
31.145923137664795	252.04823794129908	26.95272690371481	83.50708007812499	-1	-1	-1	
31.327683925628662	251.9661283123473	26.95272690371481	81.2109375	-1	-1	-1	
31.509331703186035	251.86577209918394	26.95272690371481	85.440673828125	-1	-1	-1	
31.691413402557373	251.9661283123473	26.95272690371481	82.540283203125	-1	-1	-1	
31.873335599899292	251.8536077097096	26.95272690371481	85.440673828125	-1	-1	-1	
32.055033683776855	251.88401868339545	26.95272690371481	81.89978027343749	-1	-1	-1	
32.2353880405426	251.71371723075467	26.95272690371481	83.0599365234375	-1	-1	-1	
32.41778063774109	251.82319673602376	26.95272690371481	83.10827636718749	-1	-1	-1	
32.59967923164368	251.90530636497556	26.95272690371481	83.8333740234375	-1	-1	-1	
32.781291246414185	251.8049501518122	26.95272690371481	84.35302734374999	-1	-1	-1	
32.95517539978027	251.83536112549805	26.95272690371481	82.9390869140625	-1	-1	-1	
33.13680601119995	251.9661283123473	26.95272690371481	83.50708007812499	-1	-1	-1	
33.318772077560425	251.91442965708129	26.95272690371481	83.6641845703125	-1	-1	-1	
33.50035786628723	251.95700502024147	26.95272690371481	84.07507324218749	-1	-1	-1	
33.679681062698364	251.90530636497556	26.95272690371481	84.4376220703125	-1	-1	-1	
33.85812067985535	251.89618307286977	26.95272690371481	84.8726806640625	-1	-1	-1	
34.04298663139343	251.78366247023214	26.95272690371481	82.33483886718749	-1	-1	-1	
34.22792625427246	251.82319673602376	26.95272690371481	84.8001708984375	-1	-1	-1	
34.39669680595398	251.88401868339545	26.95272690371481	83.023681640625	-1	-1	-1	
34.581531047821045	251.8536077097096	26.95272690371481	85.1627197265625	-1	-1	-1	
34.75992941856384	251.70155284128035	26.95272690371481	82.781982421875	-1	-1	-1	
34.94485378265381	251.94484063076717	26.95272690371481	83.8333740234375	-1	-1	-1	
35.129780769348145	251.975251604453	26.95272690371481	82.57653808593749	-1	-1	-1	
35.31444478034973	251.81407344391798	26.95272690371481	81.73059082031249	-1	-1	-1	
35.48370671272278	251.84448441760384	26.95272690371481	85.2352294921875	-1	-1	-1	
35.66215777397156	251.86577209918394	26.95272690371481	84.2684326171875	-1	-1	-1	
35.85733103752136	251.95700502024147	26.95272690371481	82.57653808593749	-1	-1	-1	
36.03712868690491	251.8536077097096	26.95272690371481	85.4769287109375	-1	-1	-1	
36.221094369888306	251.94484063076717	26.95272690371481	83.5916748046875	-1	-1	-1	
36.40277934074402	252.13947086235663	26.95272690371481	83.5916748046875	-1	-1	-1	
36.5824248790741	251.66201857548873	26.95272690371481	85.4769287109375	-1	-1	-1	
36.755006551742554	251.70155284128035	26.95272690371481	82.33483886718749	-1	-1	-1	
36.937037229537964	251.76237478865207	26.95272690371481	86.044921875	-1	-1	-1	
37.11874055862427	251.66201857548873	26.95272690371481	82.6248779296875	-1	-1	-1	
37.307496070861816	251.68330625706884	26.95272690371481	85.88781738281249	-1	-1	-1	
37.47675824165344	251.75325149654628	26.95272690371481	84.957275390625	-1	-1	-1	
37.66183948516846	251.66201857548873	26.95272690371481	85.6461181640625	-1	-1	-1	
37.84674835205078	251.69242954917448	26.95272690371481	83.8333740234375	-1	-1	-1	
38.03172016143799	251.90530636497556	26.95272690371481	85.31982421874999	-1	-1	-1	
38.210158824920654	251.81407344391798	26.95272690371481	86.0811767578125	-1	-1	-1	
38.379459381103516	251.74412820444053	26.95272690371481	84.232177734375	-1	-1	-1	
38.564358949661255	251.82319673602376	26.95272690371481	87.3380126953125	-1	-1	-1	
38.7492733001709	251.90530636497556	26.95272690371481	86.2503662109375	-1	-1	-1	
38.927703619003296	251.94484063076717	26.95272690371481	84.92102050781249	-1	-1	-1	
39.11612939834595	251.87489539128967	26.95272690371481	83.265380859375	-1	-1	-1	
39.28456091880798	251.90530636497556	26.95272690371481	84.2684326171875	-1	-1	-1	
39.46946883201599	251.9265940465557	26.95272690371481	84.92102050781249	-1	-1	-1	
39.6540641784668	251.75325149654628	26.95272690371481	82.2139892578125	-1	-1	-1	
39.83897852897644	251.84448441760384	26.95272690371481	84.3892822265625	-1	-1	-1	
40.02046012878418	251.83536112549805	26.95272690371481	84.83642578125	-1	-1	-1	
40.19291400909424	251.7319638149661	26.95272690371481	84.4376220703125	-1	-1	-1	
40.3712112903595	251.70155284128035	26.95272690371481	84.232177734375	-1	-1	-1	
40.55617666244507	251.82319673602376	26.95272690371481	85.440673828125	-1	-1	-1	
40.74110293388367	251.84448441760384	26.95272690371481	84.92102050781249	-1	-1	-1	
40.92620396614075	251.76237478865207	26.95272690371481	81.89978027343749	-1	-1	-1	
41.11119270324707	251.67114186759443	26.95272690371481	82.6973876953125	-1	-1	-1	
41.28960990905762	251.7319638149661	26.95272690371481	83.5916748046875	-1	-1	-1	
41.47713923454285	251.69242954917448	26.95272690371481	85.80322265625	-1	-1	-1	
41.64485502243042	251.65289528338295	26.95272690371481	83.6641845703125	-1	-1	-1	
41.829803228378296	251.65289528338295	26.95272690371481	86.0811767578125	-1	-1	-1	
42.00827980041504	251.82319673602376	26.95272690371481	83.0599365234375	-1	-1	-1	
42.19296312332153	251.91442965708129	26.95272690371481	83.265380859375	-1	-1	-1	
42.37801194190979	251.77453917812636	26.95272690371481	83.30163574218751	-1	-1	-1	
42.56298470497131	251.91442965708129	26.95272690371481	82.41943359375	-1	-1	-1	
42.73188281059265	251.82319673602376	26.95272690371481	84.8726806640625	-1	-1	-1	
42.91033864021301	251.98741599392739	26.95272690371481	83.6641845703125	-1	-1	-1	
43.10377287864685	251.90530636497556	26.95272690371481	85.8394775390625	-1	-1	-1	
43.27239227294922	251.81407344391798	26.95272690371481	83.47082519531249	-1	-1	-1	
43.46746063232422	251.87489539128967	26.95272690371481	84.3892822265625	-1	-1	-1	
43.63682293891907	251.69242954917448	26.95272690371481	86.407470703125	-1	-1	-1	
43.8153076171875	251.81407344391798	26.95272690371481	85.078125	-1	-1	-1	
44.000322103500366	251.8536077097096	26.95272690371481	82.781982421875	-1	-1	-1	
44.18529772758484	251.70155284128035	26.95272690371481	85.682373046875	-1	-1	-1	
44.37032699584961	251.77453917812636	26.95272690371481	82.9390869140625	-1	-1	-1	
44.53968906402588	251.69242954917448	26.95272690371481	84.07507324218749	-1	-1	-1	
44.73374342918396	251.81407344391798	26.95272690371481	84.3167724609375	-1	-1	-1	
44.91392946243286	251.59207333601125	26.95272690371481	83.30163574218751	-1	-1	-1	
45.09630060195923	251.71371723075467	26.95272690371481	83.7850341796875	-1	-1	-1	
45.272565841674805	251.74412820444053	26.95272690371481	86.32287597656251	-1	-1	-1	
45.45196890830994	251.69242954917448	26.95272690371481	83.1807861328125	-1	-1	-1	
45.63699555397034	251.81407344391798	26.95272690371481	86.12951660156249	-1	-1	-1	
45.81851506233215	251.84448441760384	26.95272690371481	86.044921875	-1	-1	-1	
46.002134561538696	251.64073089390857	26.95272690371481	85.35607910156249	-1	-1	-1	
46.18251276016235	251.79278576233793	26.95272690371481	83.38623046875	-1	-1	-1	
46.35702466964722	251.83536112549805	26.95272690371481	85.28356933593749	-1	-1	-1	
46.53731393814087	251.64073089390857	26.95272690371481	84.8001708984375	-1	-1	-1	
46.72029256820679	251.83536112549805	26.95272690371481	84.473876953125	-1	-1	-1	
46.9030601978302	251.975251604453	26.95272690371481	85.4044189453125	-1	-1	-1	
47.08618879318237	251.76237478865207	26.95272690371481	84.232177734375	-1	-1	-1	
47.269469261169434	251.74412820444053	26.95272690371481	85.28356933593749	-1	-1	-1	
47.438748359680176	251.70155284128035	26.95272690371481	83.47082519531249	-1	-1	-1	
47.61717343330383	251.78366247023214	26.95272690371481	86.890869140625	-1	-1	-1	
47.80221128463745	251.81407344391798	26.95272690371481	85.8394775390625	-1	-1	-1	
47.9872407913208	251.5799089465369	26.95272690371481	85.31982421874999	-1	-1	-1	
48.172218561172485	251.68330625706884	26.95272690371481	85.59777832031249	-1	-1	-1	
48.34152030944824	251.70155284128035	26.95272690371481	84.8001708984375	-1	-1	-1	
48.51999282836914	251.72284052286045	26.95272690371481	84.4376220703125	-1	-1	-1	
48.70498609542847	251.86577209918394	26.95272690371481	82.9874267578125	-1	-1	-1	
48.89002299308777	251.86577209918394	26.95272690371481	84.6309814453125	-1	-1	-1	
49.07502293586731	251.88401868339545	26.95272690371481	84.473876953125	-1	-1	-1	
49.2599983215332	251.82319673602376	26.95272690371481	84.6309814453125	-1	-1	-1	
49.43802857398987	251.975251604453	26.95272690371481	82.90283203124999	-1	-1	-1	
49.60742163658142	251.70155284128035	26.95272690371481	82.2139892578125	-1	-1	-1	
49.79242253303528	251.81407344391798	26.95272690371481	82.90283203124999	-1	-1	-1	
49.977495193481445	251.74412820444053	26.95272690371481	82.2139892578125	-1	-1	-1	
50.16250777244568	251.66201857548873	26.95272690371481	83.42248535156249	-1	-1	-1	
50.33563160896301	251.79278576233793	26.95272690371481	83.74877929687499	-1	-1	-1	
50.52561140060425	251.66201857548873	26.95272690371481	84.5584716796875	-1	-1	-1	
50.695040464401245	251.66201857548873	26.95272690371481	80.52209472656249	-1	-1	-1	
50.88004517555237	251.75325149654628	26.95272690371481	83.2291259765625	-1	-1	-1	
51.065099000930786	251.67114186759443	26.95272690371481	84.3892822265625	-1	-1	-1	
51.24957537651062	251.72284052286045	26.95272690371481	85.52526855468749	-1	-1	-1	
51.430930614471436	251.77453917812636	26.95272690371481	81.97229003906249	-1	-1	-1	
51.60418891906738	251.71371723075467	26.95272690371481	83.6279296875	-1	-1	-1	
51.78925800323486	251.59207333601125	26.95272690371481	84.6309814453125	-1	-1	-1	
51.97425031661987	251.57078565443112	26.95272690371481	84.35302734374999	-1	-1	-1	
52.14324641227722	251.81407344391798	26.95272690371481	81.73059082031249	-1	-1	-1	
52.32371187210083	251.67114186759443	26.95272690371481	83.42248535156249	-1	-1	-1	
52.506757974624634	251.66201857548873	26.95272690371481	85.4769287109375	-1	-1	-1	
52.69178605079651	251.75325149654628	26.95272690371481	84.67932128906249	-1	-1	-1	
52.876723527908325	251.79278576233793	26.95272690371481	82.6973876953125	-1	-1	-1	
53.046091079711914	251.57078565443112	26.95272690371481	83.1807861328125	-1	-1	-1	
53.24015498161316	251.64073089390857	26.95272690371481	86.044921875	-1	-1	-1	
53.409533739089966	251.68330625706884	26.95272690371481	83.71252441406249	-1	-1	-1	
53.5945885181427	251.69242954917448	26.95272690371481	82.17773437499999	-1	-1	-1	
53.7796573638916	251.59207333601125	26.95272690371481	83.38623046875	-1	-1	-1	
53.96465992927551	251.74412820444053	26.95272690371481	85.7186279296875	-1	-1	-1	
54.14306116104126	251.68330625706884	26.95272690371481	85.7186279296875	-1	-1	-1	
54.32017374038696	251.76237478865207	26.95272690371481	85.1143798828125	-1	-1	-1	
54.49863052368164	251.87489539128967	26.95272690371481	82.57653808593749	-1	-1	-1	
54.68367266654968	251.77453917812636	26.95272690371481	83.50708007812499	-1	-1	-1	
54.86871314048767	251.71371723075467	26.95272690371481	84.11132812499999	-1	-1	-1	
55.038089752197266	251.83536112549805	26.95272690371481	83.6279296875	-1	-1	-1	
55.22305250167847	251.8536077097096	26.95272690371481	83.6279296875	-1	-1	-1	
55.40126585960388	251.56166236232542	26.95272690371481	82.056884765625	-1	-1	-1	
55.586323261260986	251.87489539128967	26.95272690371481	84.07507324218749	-1	-1	-1	
55.77126979827881	251.63160760180287	26.95272690371481	82.6248779296875	-1	-1	-1	
55.95628380775452	251.62248430969711	26.95272690371481	83.71252441406249	-1	-1	-1	
56.12561368942261	251.67114186759443	26.95272690371481	83.5916748046875	-1	-1	-1	
56.30412220954895	251.5799089465369	26.95272690371481	83.6279296875	-1	-1	-1	
56.499438762664795	251.62248430969711	26.95272690371481	84.3167724609375	-1	-1	-1	
56.68228054046631	251.60119662811695	26.95272690371481	82.6611328125	-1	-1	-1	
56.85275077819824	251.66201857548873	26.95272690371481	84.957275390625	-1	-1	-1	
57.03577470779419	251.69242954917448	26.95272690371481	84.1959228515625	-1	-1	-1	
57.218470096588135	251.75325149654628	26.95272690371481	84.232177734375	-1	-1	-1	
57.401148319244385	251.47955273337354	26.95272690371481	84.957275390625	-1	-1	-1	
57.583545446395874	251.66201857548873	26.95272690371481	82.57653808593749	-1	-1	-1	
57.7669517993927	251.59207333601125	26.95272690371481	83.71252441406249	-1	-1	-1	
57.936288833618164	251.69242954917448	26.95272690371481	83.6279296875	-1	-1	-1	
58.11477255821228	251.63160760180287	26.95272690371481	85.19897460937499	-1	-1	-1	
58.29866886138916	251.7319638149661	26.95272690371481	83.990478515625	-1	-1	-1	
58.491612911224365	251.67114186759443	26.95272690371481	82.90283203124999	-1	-1	-1	
58.66391658782959	251.76237478865207	26.95272690371481	85.682373046875	-1	-1	-1	
58.84647178649902	251.60119662811695	26.95272690371481	82.1414794921875	-1	-1	-1	
59.02965784072876	251.71371723075467	26.95272690371481	82.8182373046875	-1	-1	-1	
59.21210551261902	251.76237478865207	26.95272690371481	83.30163574218751	-1	-1	-1	
59.395058393478394	251.76237478865207	26.95272690371481	81.73059082031249	-1	-1	-1	
59.57748627662659	251.68330625706884	27.235639097282107	84.11132812499999	-1	-1	-1	
59.75229740142822	251.67114186759443	26.95272690371481	82.4556884765625	-1	-1	-1	
59.934772968292236	251.66201857548873	26.95272690371481	82.3831787109375	-1	-1	-1	
60.117796182632446	251.57078565443112	26.95272690371481	83.47082519531249	-1	-1	-1	
60.3002986907959	251.62248430969711	26.95272690371481	84.14758300781249	-1	-1	-1	
60.48327827453613	251.69242954917448	26.95272690371481	85.8394775390625	-1	-1	-1	
60.6537446975708	251.61031992022274	26.95272690371481	82.4556884765625	-1	-1	-1	
60.838685750961304	251.42785407810763	26.95272690371481	82.6973876953125	-1	-1	-1	
61.01920437812805	251.64073089390857	26.95272690371481	85.88781738281249	-1	-1	-1	
61.20715093612671	251.72284052286045	26.95272690371481	84.07507324218749	-1	-1	-1	
61.385549545288086	251.5312513886395	26.95272690371481	82.29858398437499	-1	-1	-1	
61.565712213516235	251.54949797285101	26.95272690371481	82.0931396484375	-1	-1	-1	
61.74800109863281	251.8049501518122	26.95272690371481	83.990478515625	-1	-1	-1	
61.92831826210022	251.65289528338295	26.95272690371481	84.8726806640625	-1	-1	-1	
62.10440921783447	251.70155284128035	26.95272690371481	82.50402832031249	-1	-1	-1	
62.290961265563965	251.72284052286045	26.95272690371481	83.6641845703125	-1	-1	-1	
62.47259211540222	251.76237478865207	26.95272690371481	81.4163818359375	-1	-1	-1	
62.64647173881531	251.78366247023214	26.95272690371481	85.9603271484375	-1	-1	-1	
62.831525564193726	251.84448441760384	26.95272690371481	82.86657714843749	-1	-1	-1	
63.00084853172302	251.70155284128035	26.95272690371481	84.2684326171875	-1	-1	-1	
63.18581414222717	251.65289528338295	26.95272690371481	86.0086669921875	-1	-1	-1	
63.364298582077026	251.61031992022274	26.95272690371481	84.8726806640625	-1	-1	-1	
63.559656620025635	251.57078565443112	26.95272690371481	83.54333496093749	-1	-1	-1	
63.72989225387573	251.60119662811695	26.95272690371481	85.19897460937499	-1	-1	-1	
63.91842436790466	251.5799089465369	26.95272690371481	85.4769287109375	-1	-1	-1	
64.10348653793335	251.51908699916515	26.95272690371481	84.35302734374999	-1	-1	-1	
64.27285861968994	251.61031992022274	26.95272690371481	84.6309814453125	-1	-1	-1	
64.45783591270447	251.5312513886395	26.95272690371481	82.33483886718749	-1	-1	-1	
64.64232063293457	251.75325149654628	26.95272690371481	82.86657714843749	-1	-1	-1	
64.82380986213684	251.47042944126775	26.95272690371481	83.10827636718749	-1	-1	-1	
65.00672125816345	251.56166236232542	26.95272690371481	84.5947265625	-1	-1	-1	
65.18932056427002	251.62248430969711	26.95272690371481	83.023681640625	-1	-1	-1	
65.36139917373657	251.57078565443112	26.95272690371481	82.9874267578125	-1	-1	-1	
65.53986430168152	251.71371723075467	26.95272690371481	83.265380859375	-1	-1	-1	
65.72488641738892	251.51908699916515	26.95272690371481	85.5615234375	-1	-1	-1	
65.90982961654663	251.47042944126775	26.95272690371481	83.9058837890625	-1	-1	-1	
66.09483242034912	251.60119662811695	26.95272690371481	83.38623046875	-1	-1	-1	
66.27985501289368	251.61031992022274	26.95272690371481	83.265380859375	-1	-1	-1	
66.45826053619385	251.54037468074526	26.95272690371481	82.6611328125	-1	-1	-1	
66.63806056976318	251.66201857548873	26.95272690371481	82.540283203125	-1	-1	-1	
66.82077288627625	251.72284052286045	26.95272690371481	83.9058837890625	-1	-1	-1	
67.00329518318176	251.64073089390857	26.95272690371481	84.2684326171875	-1	-1	-1	
67.17879390716553	251.64073089390857	26.95272690371481	83.10827636718749	-1	-1	-1	
67.36376523971558	251.59207333601125	26.95272690371481	84.5101318359375	-1	-1	-1	
67.54220247268677	251.67114186759443	26.95272690371481	83.95422363281249	-1	-1	-1	
67.72717905044556	251.54037468074526	26.95272690371481	86.12951660156249	-1	-1	-1	
67.89659404754639	251.65289528338295	26.95272690371481	82.0206298828125	-1	-1	-1	
68.08155870437622	251.69242954917448	26.95272690371481	84.11132812499999	-1	-1	-1	
68.26655459403992	251.67114186759443	26.95272690371481	85.92407226562499	-1	-1	-1	
68.44502234458923	251.68330625706884	26.95272690371481	87.0479736328125	-1	-1	-1	
68.6300721168518	251.63160760180287	26.95272690371481	81.6097412109375	-1	-1	-1	
68.81506681442261	251.47042944126775	26.95272690371481	83.42248535156249	-1	-1	-1	
68.98444318771362	251.50084041495364	26.95272690371481	84.0267333984375	-1	-1	-1	
69.16936135292053	251.51908699916515	26.95272690371481	84.3167724609375	-1	-1	-1	
69.34781908988953	251.64073089390857	26.95272690371481	83.54333496093749	-1	-1	-1	
69.54842042922974	251.64073089390857	26.95272690371481	84.5947265625	-1	-1	-1	
69.71782517433167	251.67114186759443	26.95272690371481	83.42248535156249	-1	-1	-1	
69.90279006958008	251.54949797285101	26.95272690371481	83.990478515625	-1	-1	-1	
70.08781361579895	251.5799089465369	26.95272690371481	84.8726806640625	-1	-1	-1	
70.27674055099487	251.62248430969711	26.95272690371481	82.9874267578125	-1	-1	-1	
70.45076107978821	251.54037468074526	26.95272690371481	83.50708007812499	-1	-1	-1	
70.63397884368896	251.4491417596877	26.95272690371481	83.9058837890625	-1	-1	-1	
70.81666660308838	251.71371723075467	26.95272690371481	83.5916748046875	-1	-1	-1	
70.9993908405304	251.47042944126775	26.95272690371481	87.70056152343749	-1	-1	-1	
71.18195819854736	251.59207333601125	26.95272690371481	83.47082519531249	-1	-1	-1	
71.36050152778625	251.54949797285101	26.95272690371481	85.6461181640625	-1	-1	-1	
71.52976632118225	251.2058539702009	26.95272690371481	85.59777832031249	-1	-1	-1	
71.71474862098694	251.4096074938961	26.95272690371481	87.70056152343749	-1	-1	-1	
71.89321637153625	251.54949797285101	26.95272690371481	83.9058837890625	-1	-1	-1	
72.08666229248047	251.75325149654628	26.95272690371481	82.86657714843749	-1	-1	-1	
72.25979256629944	251.41873078600184	26.95272690371481	83.54333496093749	-1	-1	-1	
72.44480299949646	251.54949797285101	26.95272690371481	83.74877929687499	-1	-1	-1	
72.6232521533966	251.79278576233793	26.95272690371481	85.078125	-1	-1	-1	
72.81072330474854	251.62248430969711	26.95272690371481	82.1414794921875	-1	-1	-1	
72.98556470870972	251.65289528338295	26.95272690371481	83.265380859375	-1	-1	-1	
73.16821312904358	251.66201857548873	26.95272690371481	83.7850341796875	-1	-1	-1	
73.35099792480469	251.76237478865207	26.95272690371481	85.1627197265625	-1	-1	-1	
73.53315615653992	251.66201857548873	26.95272690371481	83.990478515625	-1	-1	-1	
73.7161283493042	251.62248430969711	26.95272690371481	85.1143798828125	-1	-1	-1	
73.89665198326111	251.62248430969711	26.95272690371481	83.8333740234375	-1	-1	-1	
74.06938886642456	251.5799089465369	26.95272690371481	85.92407226562499	-1	-1	-1	
74.25226140022278	251.5799089465369	26.95272690371481	85.9603271484375	-1	-1	-1	
74.42466187477112	251.4582650517935	26.95272690371481	84.99353027343749	-1	-1	-1	
74.61872482299805	251.66201857548873	26.95272690371481	84.71557617187499	-1	-1	-1	
74.80371475219727	251.4491417596877	26.95272690371481	83.2291259765625	-1	-1	-1	
74.97213888168335	251.3974431044218	26.95272690371481	84.1959228515625	-1	-1	-1	
75.15664434432983	251.44001846758192	27.217461084945406	84.3167724609375	-1	-1	-1	
75.3350989818573	251.51908699916515	26.95272690371481	82.2139892578125	-1	-1	-1	
75.51999974250793	251.41873078600184	26.95272690371481	85.31982421874999	-1	-1	-1	
75.70506596565247	251.47955273337354	26.95272690371481	86.8546142578125	-1	-1	-1	
75.8744683265686	251.48867602547932	26.95272690371481	84.07507324218749	-1	-1	-1	
76.0594093799591	251.5799089465369	26.95272690371481	83.34997558593749	-1	-1	-1	
76.23781847953796	251.70155284128035	26.95272690371481	85.2352294921875	-1	-1	-1	
76.42292475700378	251.65289528338295	26.95272690371481	83.265380859375	-1	-1	-1	
76.60793137550354	251.42785407810763	26.95272690371481	83.6641845703125	-1	-1	-1	
76.79287672042847	251.63160760180287	26.95272690371481	84.75183105468749	-1	-1	-1	
76.9621946811676	251.4582650517935	26.95272690371481	84.35302734374999	-1	-1	-1	
77.14065170288086	251.56166236232542	26.95272690371481	83.71252441406249	-1	-1	-1	
77.32566356658936	251.44001846758192	26.95272690371481	83.71252441406249	-1	-1	-1	
77.51054763793945	251.54037468074526	26.95272690371481	86.407470703125	-1	-1	-1	
77.69561266899109	251.71371723075467	26.95272690371481	84.6309814453125	-1	-1	-1	
77.86494660377502	251.48867602547932	26.95272690371481	85.682373046875	-1	-1	-1	
78.05904960632324	251.47955273337354	26.95272690371481	84.3892822265625	-1	-1	-1	
78.22786927223206	251.42785407810763	26.95272690371481	83.38623046875	-1	-1	-1	
78.4129548072815	251.59207333601125	26.95272690371481	86.28662109375	-1	-1	-1	
78.59795117378235	251.50996370705937	26.95272690371481	84.2684326171875	-1	-1	-1	
78.7829430103302	251.23626494388668	26.95272690371481	86.28662109375	-1	-1	-1	
78.96132683753967	251.30621018336413	26.95272690371481	85.6461181640625	-1	-1	-1	
79.14636301994324	251.50996370705937	26.95272690371481	83.34997558593749	-1	-1	-1	
79.33133578300476	251.36703213073594	26.95272690371481	85.682373046875	-1	-1	-1	
79.51629734039307	251.56166236232542	26.95272690371481	84.92102050781249	-1	-1	-1	
79.685626745224	251.44001846758192	26.95272690371481	83.34997558593749	-1	-1	-1	
79.87015128135681	251.65289528338295	27.084155661142926	83.74877929687499	-1	-1	-1	
80.04857015609741	251.69242954917448	26.95272690371481	85.5615234375	-1	-1	-1	
80.23356413841248	251.37919652021023	26.95272690371481	84.3167724609375	-1	-1	-1	
80.41850137710571	251.64073089390857	26.95272690371481	84.8726806640625	-1	-1	-1	
80.60336422920227	251.61031992022274	27.135660029430248	86.8546142578125	-1	-1	-1	
80.77273058891296	251.5312513886395	26.95272690371481	84.4376220703125	-1	-1	-1	
80.95116138458252	251.70155284128035	26.95272690371481	82.90283203124999	-1	-1	-1	
81.13448023796082	251.5799089465369	26.95272690371481	83.74877929687499	-1	-1	-1	
81.31727504730225	251.59207333601125	26.95272690371481	87.5313720703125	-1	-1	-1	
81.49997282028198	251.44001846758192	26.95272690371481	84.232177734375	-1	-1	-1	
81.68247389793396	251.59207333601125	26.95272690371481	83.7850341796875	-1	-1	-1	
81.86498403549194	251.388319812316	26.95272690371481	83.6641845703125	-1	-1	-1	
82.04756259918213	251.35790883863018	26.95272690371481	84.957275390625	-1	-1	-1	
82.22041201591492	251.15415531493488	26.95272690371481	81.815185546875	-1	-1	-1	
82.40284323692322	251.29708689125843	26.95272690371481	86.9271240234375	-1	-1	-1	
82.58129811286926	251.3487855465244	26.95272690371481	83.990478515625	-1	-1	-1	
82.7770528793335	251.48867602547932	26.95272690371481	84.92102050781249	-1	-1	-1	
82.95961618423462	251.47042944126775	26.95272690371481	84.5101318359375	-1	-1	-1	
83.14242959022522	251.2058539702009	26.95272690371481	83.5916748046875	-1	-1	-1	
83.32305073738098	251.4491417596877	26.95272690371481	85.9603271484375	-1	-1	-1	
83.50717353820801	251.54037468074526	26.95272690371481	83.7850341796875	-1	-1	-1	
83.68723630905151	251.42785407810763	26.95272690371481	82.6611328125	-1	-1	-1	
83.85539531707764	251.50996370705937	26.95272690371481	84.75183105468749	-1	-1	-1	
84.04045152664185	251.51908699916515	26.95272690371481	84.2684326171875	-1	-1	-1	
84.22543096542358	251.61031992022274	26.95272690371481	84.71557617187499	-1	-1	-1	
84.41040968894958	251.63160760180287	26.95272690371481	84.35302734374999	-1	-1	-1	
84.59193539619446	251.44001846758192	26.95272690371481	84.07507324218749	-1	-1	-1	
84.75958824157715	251.48867602547932	26.95272690371481	84.75183105468749	-1	-1	-1	
84.9445686340332	251.61031992022274	26.95272690371481	84.3892822265625	-1	-1	-1	
85.12303829193115	251.54949797285101	26.95272690371481	82.57653808593749	-1	-1	-1	
85.31197428703308	251.50084041495364	26.95272690371481	86.8062744140625	-1	-1	-1	
85.4969220161438	251.48867602547932	26.95272690371481	84.5947265625	-1	-1	-1	
85.67539834976196	251.62248430969711	26.95272690371481	83.9058837890625	-1	-1	-1	
85.85817503929138	251.30621018336413	26.95272690371481	84.3167724609375	-1	-1	-1	
86.05054306983948	251.4582650517935	26.95272690371481	82.056884765625	-1	-1	-1	
86.22847032546997	251.63160760180287	26.95272690371481	82.1414794921875	-1	-1	-1	
86.40688228607178	251.44001846758192	26.95272690371481	84.957275390625	-1	-1	-1	
86.59472489356995	251.48867602547932	26.95272690371481	84.71557617187499	-1	-1	-1	
86.76847648620605	251.42785407810763	26.95272690371481	85.59777832031249	-1	-1	-1	
86.95040678977966	251.60119662811695	26.95272690371481	83.990478515625	-1	-1	-1	
87.13233828544617	251.4096074938961	26.95272690371481	85.80322265625	-1	-1	-1	
87.30726051330566	251.33662115705	26.95272690371481	84.14758300781249	-1	-1	-1	
87.49216294288635	251.47955273337354	26.95272690371481	85.078125	-1	-1	-1	
87.67063999176025	251.30621018336413	26.95272690371481	84.67932128906249	-1	-1	-1	
87.85351824760437	251.33662115705	26.95272690371481	81.7789306640625	-1	-1	-1	
88.03563928604126	251.0842100754574	26.95272690371481	86.0086669921875	-1	-1	-1	
88.21768951416016	251.2058539702009	26.95272690371481	85.2352294921875	-1	-1	-1	
88.40218901634216	251.388319812316	27.06597764880623	84.232177734375	-1	-1	-1	
88.57816529273987	251.3487855465244	26.95272690371481	85.2352294921875	-1	-1	-1	
88.76324605941772	251.54949797285101	26.95272690371481	85.7669677734375	-1	-1	-1	
88.93258023262024	251.57078565443112	26.95272690371481	84.6309814453125	-1	-1	-1	
89.12666153907776	251.48867602547932	26.95272690371481	85.28356933593749	-1	-1	-1	
89.30063271522522	251.5799089465369	26.95272690371481	83.2291259765625	-1	-1	-1	
89.48552823066711	251.48867602547932	26.95272690371481	86.0811767578125	-1	-1	-1	
89.67057609558105	251.47042944126775	26.95272690371481	86.32287597656251	-1	-1	-1	
89.84895396232605	251.42785407810763	26.95272690371481	83.2291259765625	-1	-1	-1	
90.02845239639282	251.63160760180287	26.95272690371481	85.1627197265625	-1	-1	-1	
90.21013808250427	251.54037468074526	26.95272690371481	84.5101318359375	-1	-1	-1	
90.39188289642334	251.32749786494432	26.95272690371481	84.83642578125	-1	-1	-1	
90.57332706451416	251.35790883863018	26.95272690371481	84.07507324218749	-1	-1	-1	
90.75556898117065	251.50084041495364	26.95272690371481	84.71557617187499	-1	-1	-1	
90.93713855743408	251.29708689125843	26.95272690371481	85.28356933593749	-1	-1	-1	
91.1168098449707	251.37919652021023	26.95272690371481	85.88781738281249	-1	-1	-1	
91.301194190979	251.61031992022274	26.95272690371481	87.615966796875	-1	-1	-1	
91.48086738586426	251.44001846758192	26.95272690371481	83.34997558593749	-1	-1	-1	
91.66286778450012	251.4582650517935	26.95272690371481	85.88781738281249	-1	-1	-1	
91.84009408950806	251.33662115705	26.95272690371481	83.5916748046875	-1	-1	-1	
92.01843070983887	251.36703213073594	26.95272690371481	84.957275390625	-1	-1	-1	
92.20616316795349	251.3487855465244	26.95272690371481	84.5101318359375	-1	-1	-1	
92.38829588890076	251.41873078600184	26.95272690371481	83.10827636718749	-1	-1	-1	
92.57022738456726	251.47955273337354	26.95272690371481	85.5615234375	-1	-1	-1	
92.75223016738892	251.44001846758192	26.95272690371481	84.3892822265625	-1	-1	-1	
92.93594670295715	251.2666759175725	26.95272690371481	86.044921875	-1	-1	-1	
93.10524415969849	251.4096074938961	26.95272690371481	84.8001708984375	-1	-1	-1	
93.29016017913818	251.4582650517935	26.95272690371481	80.2078857421875	-1	-1	-1	
93.47503519058228	251.56166236232542	26.95272690371481	83.47082519531249	-1	-1	-1	
93.65345096588135	251.32749786494432	26.95272690371481	84.83642578125	-1	-1	-1	
93.83844590187073	251.50996370705937	26.95272690371481	86.73376464843749	-1	-1	-1	
94.00771164894104	251.4096074938961	26.95272690371481	85.1143798828125	-1	-1	-1	
94.19275236129761	251.2879635991527	26.95272690371481	84.0267333984375	-1	-1	-1	
94.37693905830383	251.41873078600184	26.95272690371481	83.990478515625	-1	-1	-1	
94.57095551490784	251.388319812316	26.95272690371481	83.7850341796875	-1	-1	-1	
94.75056385993958	251.388319812316	26.95272690371481	81.93603515625	-1	-1	-1	
94.92657327651978	251.42785407810763	26.95272690371481	86.165771484375	-1	-1	-1	
95.11146688461304	251.36703213073594	26.95272690371481	83.74877929687499	-1	-1	-1	
95.28086948394775	251.14503202282916	26.95272690371481	84.3892822265625	-1	-1	-1	
95.47489333152771	251.23626494388668	26.95272690371481	85.31982421874999	-1	-1	-1	
95.64418959617615	251.31837457283854	26.95272690371481	86.165771484375	-1	-1	-1	
95.82920289039612	251.388319812316	26.95272690371481	83.54333496093749	-1	-1	-1	
96.01418042182922	251.3487855465244	26.95272690371481	85.1143798828125	-1	-1	-1	
96.18347024917603	251.50996370705937	26.95272690371481	84.14758300781249	-1	-1	-1	
96.36187624931335	251.4096074938961	26.95272690371481	85.1627197265625	-1	-1	-1	
96.54685282707214	251.2879635991527	26.95272690371481	83.34997558593749	-1	-1	-1	
96.73180651664734	251.47955273337354	26.95272690371481	84.4376220703125	-1	-1	-1	
96.91671633720398	251.66201857548873	26.95272690371481	84.92102050781249	-1	-1	-1	
97.10161519050598	251.24538823599244	26.95272690371481	83.8333740234375	-1	-1	-1	
97.28001189231873	251.3487855465244	26.95272690371481	83.42248535156249	-1	-1	-1	
97.4649498462677	251.3974431044218	26.95272690371481	85.4769287109375	-1	-1	-1	
97.63429045677185	251.4096074938961	26.95272690371481	86.8062744140625	-1	-1	-1	
97.81915140151978	251.3974431044218	26.95272690371481	82.6973876953125	-1	-1	-1	
98.00424313545227	251.35790883863018	26.95272690371481	82.7457275390625	-1	-1	-1	
98.18258285522461	251.42785407810763	26.95272690371481	83.86962890625	-1	-1	-1	
98.37200975418091	251.2149772623066	26.95272690371481	83.9058837890625	-1	-1	-1	
98.54127836227417	251.29708689125843	26.95272690371481	86.32287597656251	-1	-1	-1	
98.72632098197937	251.57078565443112	26.95272690371481	85.80322265625	-1	-1	-1	
98.9112298488617	251.2149772623066	26.95272690371481	86.73376464843749	-1	-1	-1	
99.09224724769592	251.36703213073594	26.95272690371481	85.2352294921875	-1	-1	-1	
99.27024102210999	251.2666759175725	26.95272690371481	85.078125	-1	-1	-1	
99.45514583587646	251.24538823599244	26.95272690371481	83.86962890625	-1	-1	-1	
99.62445545196533	251.2666759175725	26.95272690371481	83.74877929687499	-1	-1	-1	
99.81847763061523	251.2666759175725	26.95272690371481	83.2291259765625	-1	-1	-1	
99.99808192253113	251.388319812316	26.95272690371481	85.92407226562499	-1	-1	-1	
100.17381930351257	251.1054977570375	26.95272690371481	83.50708007812499	-1	-1	-1	
100.3584771156311	251.2879635991527	26.95272690371481	82.33483886718749	-1	-1	-1	
100.53693127632141	251.4096074938961	26.95272690371481	85.1627197265625	-1	-1	-1	
100.72078704833984	251.54949797285101	26.95272690371481	84.35302734374999	-1	-1	-1	
100.89008235931396	251.4582650517935	26.95272690371481	82.9390869140625	-1	-1	-1	
101.08411026000977	251.50084041495364	26.95272690371481	84.473876953125	-1	-1	-1	
101.26368021965027	251.32749786494432	26.95272690371481	83.6641845703125	-1	-1	-1	
101.4341299533844	251.2666759175725	26.95272690371481	84.232177734375	-1	-1	-1	
101.61919069290161	251.54949797285101	26.95272690371481	84.8001708984375	-1	-1	-1	
101.80366015434265	251.3974431044218	26.95272690371481	85.35607910156249	-1	-1	-1	
101.98205971717834	251.47042944126775	26.95272690371481	85.19897460937499	-1	-1	-1	
102.16695713996887	251.3487855465244	26.95272690371481	85.31982421874999	-1	-1	-1	
102.35185146331787	251.2666759175725	26.95272690371481	89.0299072265625	-1	-1	-1	
102.52120637893677	251.3974431044218	26.95272690371481	85.1143798828125	-1	-1	-1	
102.72174859046936	251.24538823599244	26.95272690371481	83.14453125	-1	-1	-1	
102.88905334472656	251.36703213073594	26.95272690371481	85.2352294921875	-1	-1	-1	
103.07395648956299	251.41873078600184	26.95272690371481	85.682373046875	-1	-1	-1	
103.25886392593384	251.31837457283854	26.95272690371481	85.19897460937499	-1	-1	-1	
103.42826008796692	251.2666759175725	26.95272690371481	85.6461181640625	-1	-1	-1	
103.60667729377747	251.33662115705	26.95272690371481	81.12634277343749	-1	-1	-1	
103.79971027374268	251.14503202282916	26.95272690371481	83.30163574218751	-1	-1	-1	
103.9714937210083	251.22714165178098	26.95272690371481	84.35302734374999	-1	-1	-1	
104.15981459617615	251.36703213073594	26.95272690371481	84.3892822265625	-1	-1	-1	
104.34331846237183	251.2666759175725	26.95272690371481	84.5101318359375	-1	-1	-1	
104.51407217979431	251.388319812316	26.95272690371481	86.44372558593749	-1	-1	-1	
104.69246053695679	251.37919652021023	26.95272690371481	86.890869140625	-1	-1	-1	
104.8819146156311	251.37919652021023	26.95272690371481	84.83642578125	-1	-1	-1	
105.08244132995605	251.29708689125843	27.00538427435055	87.6522216796875	-1	-1	-1	
105.26739120483398	251.31837457283854	26.95272690371481	83.50708007812499	-1	-1	-1	
105.45231628417969	251.2757992096783	26.95272690371481	83.7850341796875	-1	-1	-1	
105.63721108436584	251.2149772623066	26.95272690371481	83.6641845703125	-1	-1	-1	
105.8156578540802	251.36703213073594	26.95272690371481	85.7669677734375	-1	-1	-1	
106.0005829334259	251.4096074938961	26.95272690371481	85.440673828125	-1	-1	-1	
106.1855194568634	251.19673067809507	26.95272690371481	84.2684326171875	-1	-1	-1	
106.35466289520264	251.44001846758192	26.95272690371481	83.47082519531249	-1	-1	-1	
106.53958678245544	251.47042944126775	26.95272690371481	85.1627197265625	-1	-1	-1	
106.71798419952393	251.30621018336413	26.95272690371481	84.5584716796875	-1	-1	-1	
106.90296626091003	251.23626494388668	26.95272690371481	85.31982421874999	-1	-1	-1	
107.0878837108612	251.36703213073594	26.95272690371481	85.440673828125	-1	-1	-1	
107.27274799346924	251.2757992096783	26.95272690371481	83.7850341796875	-1	-1	-1	
107.44201374053955	251.1054977570375	26.95272690371481	86.56457519531249	-1	-1	-1	
107.63604855537415	251.2058539702009	26.95272690371481	84.83642578125	-1	-1	-1	
107.80532693862915	251.4582650517935	26.95272690371481	82.29858398437499	-1	-1	-1	
107.99030208587646	251.32749786494432	27.16595671665808	85.5615234375	-1	-1	-1	
108.1751766204834	251.22714165178098	26.95272690371481	84.92102050781249	-1	-1	-1	
108.36008644104004	251.2058539702009	26.95272690371481	85.7186279296875	-1	-1	-1	
108.53850293159485	251.25755262546681	26.95272690371481	84.5947265625	-1	-1	-1	
108.70780348777771	251.2879635991527	26.95272690371481	81.93603515625	-1	-1	-1	
108.89278149604797	251.37919652021023	26.95272690371481	83.7850341796875	-1	-1	-1	
109.0777440071106	251.175442996515	26.95272690371481	82.26232910156249	-1	-1	-1	
109.26263880729675	251.1663197044093	26.95272690371481	83.1807861328125	-1	-1	-1	
109.44754934310913	251.4096074938961	26.95272690371481	83.6279296875	-1	-1	-1	
109.62594652175903	251.2757992096783	26.95272690371481	86.2503662109375	-1	-1	-1	
109.81092667579651	251.30621018336413	26.95272690371481	82.2139892578125	-1	-1	-1	
109.98023009300232	251.35790883863018	26.95272690371481	85.80322265625	-1	-1	-1	
110.16531157493591	251.24538823599244	26.95272690371481	82.6973876953125	-1	-1	-1	
110.35003304481506	251.3974431044218	26.95272690371481	86.73376464843749	-1	-1	-1	
110.53144907951355	251.30621018336413	26.95272690371481	83.71252441406249	-1	-1	-1	
110.70436573028564	251.175442996515	26.95272690371481	84.35302734374999	-1	-1	-1	
110.8894100189209	251.41873078600184	26.95272690371481	86.8546142578125	-1	-1	-1	
111.074303150177	251.388319812316	26.95272690371481	83.6641845703125	-1	-1	-1	
111.24366283416748	251.36703213073594	26.95272690371481	84.5101318359375	-1	-1	-1	
111.43779301643372	251.24538823599244	26.95272690371481	85.682373046875	-1	-1	-1	
111.61764478683472	251.18456628862077	26.95272690371481	84.35302734374999	-1	-1	-1	
111.80055975914001	251.36703213073594	26.95272690371481	84.5101318359375	-1	-1	-1	
111.9832513332367	251.13590873072337	26.95272690371481	86.77001953124999	-1	-1	-1	
112.15503573417664	251.0933333675632	26.95272690371481	84.14758300781249	-1	-1	-1	
112.3397786617279	251.24538823599244	26.95272690371481	83.71252441406249	-1	-1	-1	
112.5247688293457	251.1054977570375	26.95272690371481	81.93603515625	-1	-1	-1	
112.69412970542908	251.13590873072337	26.95272690371481	84.8001708984375	-1	-1	-1	
112.88817548751831	251.22714165178098	26.95272690371481	83.50708007812499	-1	-1	-1	
113.05747294425964	251.2149772623066	26.974464776800783	85.1143798828125	-1	-1	-1	
113.24240469932556	251.29708689125843	26.95272690371481	85.440673828125	-1	-1	-1	
113.42734360694885	251.2666759175725	26.95272690371481	84.473876953125	-1	-1	-1	
113.61231255531311	251.4582650517935	26.95272690371481	83.990478515625	-1	-1	-1	
113.78625416755676	251.02338812808574	26.95272690371481	84.4376220703125	-1	-1	-1	
113.96690320968628	251.42785407810763	26.95272690371481	86.52832031249999	-1	-1	-1	
114.15112447738647	251.2149772623066	26.95272690371481	86.0811767578125	-1	-1	-1	
114.33631825447083	251.18456628862077	26.95272690371481	84.14758300781249	-1	-1	-1	
114.51675963401794	251.3974431044218	26.95272690371481	86.44372558593749	-1	-1	-1	
114.69681239128113	251.2149772623066	26.95272690371481	84.8726806640625	-1	-1	-1	
114.87647414207458	251.32749786494432	26.95272690371481	85.6461181640625	-1	-1	-1	
115.05639004707336	251.36703213073594	26.95272690371481	83.95422363281249	-1	-1	-1	
115.23667001724243	251.18456628862077	26.95272690371481	88.61901855468749	-1	-1	-1	
115.41648197174072	251.13590873072337	26.95272690371481	85.682373046875	-1	-1	-1	
115.59627771377563	250.96256618071405	26.95272690371481	85.4044189453125	-1	-1	-1	
115.81631803512573	251.32749786494432	26.95272690371481	85.4044189453125	-1	-1	-1	
115.95658922195435	251.22714165178098	26.95272690371481	83.47082519531249	-1	-1	-1	
116.13645768165588	251.3974431044218	26.95272690371481	85.19897460937499	-1	-1	-1	
116.31948494911194	251.2058539702009	26.95272690371481	82.6611328125	-1	-1	-1	
116.53465723991394	251.175442996515	26.95272690371481	85.5615234375	-1	-1	-1	
116.70472693443298	251.31837457283854	26.95272690371481	83.74877929687499	-1	-1	-1	
116.89880204200745	251.50996370705937	26.95272690371481	82.1414794921875	-1	-1	-1	
117.06816554069519	251.19673067809507	26.95272690371481	85.7186279296875	-1	-1	-1	
117.25316572189331	251.36703213073594	26.95272690371481	86.890869140625	-1	-1	-1	
117.43808484077454	251.31837457283854	26.95272690371481	84.67932128906249	-1	-1	-1	
117.62303471565247	251.1663197044093	26.95272690371481	84.8001708984375	-1	-1	-1	
117.80158472061157	251.2757992096783	26.95272690371481	84.14758300781249	-1	-1	-1	
117.98159313201904	251.25755262546681	26.95272690371481	86.12951660156249	-1	-1	-1	
118.16152811050415	251.2666759175725	26.95272690371481	83.95422363281249	-1	-1	-1	
118.35901260375977	251.24538823599244	26.974464776800783	84.1959228515625	-1	-1	-1	
118.54802393913269	251.175442996515	26.95272690371481	85.2352294921875	-1	-1	-1	
118.72800612449646	251.2666759175725	26.95272690371481	84.0267333984375	-1	-1	-1	
118.90801882743835	251.22714165178098	26.95272690371481	85.59777832031249	-1	-1	-1	
119.08796286582947	251.0446758096658	26.95272690371481	84.67932128906249	-1	-1	-1	
119.26802015304565	251.06292239387736	26.95272690371481	84.67932128906249	-1	-1	-1	
119.44797348976135	251.0446758096658	26.95272690371481	85.52526855468749	-1	-1	-1	
119.62796711921692	251.11462104914327	26.95272690371481	85.4769287109375	-1	-1	-1	
119.80796813964844	251.0933333675632	26.95272690371481	82.9390869140625	-1	-1	-1	
119.98802471160889	251.42785407810763	26.95272690371481	85.0418701171875	-1	-1	-1	
120.16799974441528	251.3974431044218	26.95272690371481	84.5947265625	-1	-1	-1	
120.35343146324158	251.22714165178098	26.95272690371481	84.83642578125	-1	-1	-1	
120.53346705436707	251.31837457283854	26.95272690371481	85.1143798828125	-1	-1	-1	
120.71345853805542	251.18456628862077	26.95272690371481	86.52832031249999	-1	-1	-1	
120.90250563621521	251.22714165178098	26.95272690371481	85.35607910156249	-1	-1	-1	
121.08457612991333	251.13590873072337	26.95272690371481	83.50708007812499	-1	-1	-1	
121.26454854011536	251.2058539702009	26.95272690371481	85.92407226562499	-1	-1	-1	
121.45354223251343	251.22714165178098	26.95272690371481	85.8394775390625	-1	-1	-1	
121.63359451293945	251.2149772623066	26.95272690371481	83.34997558593749	-1	-1	-1	
121.81358194351196	251.31837457283854	26.95272690371481	85.4769287109375	-1	-1	-1	
121.99358248710632	251.33662115705	26.95272690371481	82.9390869140625	-1	-1	-1	
122.1735463142395	251.23626494388668	26.95272690371481	86.52832031249999	-1	-1	-1	
122.35359907150269	251.1663197044093	26.95272690371481	84.957275390625	-1	-1	-1	
122.53360748291016	251.30621018336413	26.95272690371481	85.9603271484375	-1	-1	-1	
122.71358728408813	251.25755262546681	26.95272690371481	83.8333740234375	-1	-1	-1	
122.89361596107483	251.1663197044093	26.95272690371481	84.473876953125	-1	-1	-1	
123.08261609077454	251.2666759175725	27.00538427435055	84.2684326171875	-1	-1	-1	
123.26258873939514	251.06292239387736	26.95272690371481	83.6641845703125	-1	-1	-1	
123.44255495071411	251.175442996515	26.95272690371481	86.0086669921875	-1	-1	-1	
123.62259101867676	251.24538823599244	26.95272690371481	83.265380859375	-1	-1	-1	
123.80261969566345	251.24538823599244	26.95272690371481	84.35302734374999	-1	-1	-1	
123.9825918674469	251.25755262546681	26.95272690371481	83.5916748046875	-1	-1	-1	
124.1689224243164	251.2149772623066	26.95272690371481	83.7850341796875	-1	-1	-1	
124.34977960586548	251.14503202282916	26.95272690371481	83.95422363281249	-1	-1	-1	
124.52976536750793	251.175442996515	26.95272690371481	84.1959228515625	-1	-1	-1	
124.70981168746948	251.18456628862077	26.95272690371481	83.6641845703125	-1	-1	-1	
124.88978838920593	251.0933333675632	26.95272690371481	88.37731933593749	-1	-1	-1	
125.07878422737122	251.0933333675632	26.95272690371481	83.54333496093749	-1	-1	-1	
125.25875926017761	251.12374434124905	26.95272690371481	83.71252441406249	-1	-1	-1	
125.43875336647034	251.14503202282916	26.95272690371481	84.07507324218749	-1	-1	-1	
125.61880302429199	251.13590873072337	26.95272690371481	83.023681640625	-1	-1	-1	
125.79878830909729	251.33662115705	26.95272690371481	84.8001708984375	-1	-1	-1	
125.9788191318512	251.2757992096783	26.95272690371481	85.440673828125	-1	-1	-1	
126.15881681442261	251.2879635991527	26.95272690371481	84.35302734374999	-1	-1	-1	
126.33876252174377	251.18456628862077	26.95272690371481	84.75183105468749	-1	-1	-1	
126.51879334449768	250.94127849913394	26.95272690371481	84.3892822265625	-1	-1	-1	
126.69879460334778	251.1663197044093	26.95272690371481	84.8001708984375	-1	-1	-1	
126.88783121109009	251.2149772623066	26.95272690371481	85.9603271484375	-1	-1	-1	
127.06782507896423	251.07508678335165	26.95272690371481	84.2684326171875	-1	-1	-1	
127.24122881889343	251.13590873072337	26.95272690371481	83.86962890625	-1	-1	-1	
127.43017888069153	251.14503202282916	26.95272690371481	85.6461181640625	-1	-1	-1	
127.6101725101471	251.2666759175725	26.95272690371481	83.74877929687499	-1	-1	-1	
127.79020047187805	251.11462104914327	26.95272690371481	83.5916748046875	-1	-1	-1	
127.97024440765381	251.25755262546681	26.95272690371481	85.59777832031249	-1	-1	-1	
128.15024542808533	251.0933333675632	26.95272690371481	84.35302734374999	-1	-1	-1	
128.33921551704407	251.175442996515	26.95272690371481	85.35607910156249	-1	-1	-1	
128.5192015171051	251.23626494388668	26.95272690371481	84.07507324218749	-1	-1	-1	
128.69924807548523	251.37919652021023	26.95272690371481	84.5947265625	-1	-1	-1	
128.87920713424683	251.2879635991527	26.95272690371481	82.0931396484375	-1	-1	-1	
129.059250831604	251.0842100754574	26.95272690371481	82.6973876953125	-1	-1	-1	
129.24219179153442	251.06292239387736	26.95272690371481	86.407470703125	-1	-1	-1	
129.42217302322388	251.1663197044093	26.95272690371481	86.56457519531249	-1	-1	-1	
129.60220193862915	250.96256618071405	26.95272690371481	84.5101318359375	-1	-1	-1	
129.78217363357544	251.175442996515	26.95272690371481	86.165771484375	-1	-1	-1	
129.9621386528015	251.15415531493488	26.95272690371481	84.8726806640625	-1	-1	-1	
130.1422097682953	251.00210044650566	26.95272690371481	83.9058837890625	-1	-1	-1	
130.32315063476562	251.05379910177157	26.95272690371481	85.80322265625	-1	-1	-1	
130.5481071472168	251.30621018336413	26.95272690371481	84.83642578125	-1	-1	-1	
130.69210720062256	251.13590873072337	26.95272690371481	84.8726806640625	-1	-1	-1	
130.9531147480011	250.90174423334233	26.95272690371481	84.11132812499999	-1	-1	-1	
131.09928178787231	250.71927839122716	26.95272690371481	84.92102050781249	-1	-1	-1	
131.28826689720154	250.52768925700633	26.95272690371481	83.5916748046875	-1	-1	-1	
131.46824741363525	250.24182610435932	26.95272690371481	84.92102050781249	-1	-1	-1	
131.64831113815308	250.12018220961585	26.95272690371481	83.38623046875	-1	-1	-1	
131.82831740379333	249.88628527984343	26.95272690371481	82.33483886718749	-1	-1	-1	
132.00830101966858	249.78030303654822	26.98378100812334	84.0267333984375	-1	-1	-1	
132.18831157684326	250.01982599645254	26.95272690371481	85.1627197265625	-1	-1	-1	
132.36832475662231	249.85511403181545	26.95272690371481	85.682373046875	-1	-1	-1	
132.54831790924072	250.05023697013837	26.95272690371481	83.2291259765625	-1	-1	-1	
132.72830843925476	250.02894928855832	26.95272690371481	84.1959228515625	-1	-1	-1	
132.9082968235016	250.2539904938336	26.95272690371481	86.649169921875	-1	-1	-1	
133.08830761909485	250.67974412543555	26.95272690371481	86.44372558593749	-1	-1	-1	
133.2773153781891	250.7709770464931	26.95272690371481	83.95422363281249	-1	-1	-1	
133.45727396011353	251.22714165178098	26.95272690371481	85.1143798828125	-1	-1	-1	
133.63726949691772	251.19673067809507	26.95272690371481	84.5584716796875	-1	-1	-1	
133.81732392311096	251.5799089465369	26.95272690371481	84.3167724609375	-1	-1	-1	
133.99726176261902	251.3974431044218	26.95272690371481	81.573486328125	-1	-1	-1	
134.17828345298767	251.63160760180287	27.175045722826436	84.11132812499999	-1	-1	-1	
134.35827660560608	251.87489539128967	26.95272690371481	85.52526855468749	-1	-1	-1	
134.53828525543213	251.9661283123473	26.95272690371481	84.71557617187499	-1	-1	-1	
134.7182915210724	252.05736123340483	26.95272690371481	83.50708007812499	-1	-1	-1	
134.89829277992249	251.90530636497556	26.95272690371481	83.14453125	-1	-1	-1	
135.08729553222656	251.82319673602376	26.95272690371481	83.9058837890625	-1	-1	-1	
135.26727175712585	251.83536112549805	26.95272690371481	85.5615234375	-1	-1	-1	
135.44722819328308	251.7319638149661	26.95272690371481	88.0631103515625	-1	-1	-1	
135.627299785614	251.68330625706884	26.95272690371481	85.5615234375	-1	-1	-1	
135.8103151321411	251.59207333601125	26.95272690371481	83.86962890625	-1	-1	-1	
135.9903666973114	251.64073089390857	26.95272690371481	84.4376220703125	-1	-1	-1	
136.1726427078247	251.18456628862077	26.95272690371481	85.19897460937499	-1	-1	-1	
136.3526167869568	251.1054977570375	26.95272690371481	83.86962890625	-1	-1	-1	
136.53263211250305	251.00210044650566	26.95272690371481	84.3892822265625	-1	-1	-1	
136.71263074874878	250.94127849913394	26.95272690371481	83.54333496093749	-1	-1	-1	
136.8926179409027	250.8622099675507	26.95272690371481	86.407470703125	-1	-1	-1	
137.07257628440857	250.8713332596565	26.95272690371481	83.30163574218751	-1	-1	-1	
137.25259160995483	250.90174423334233	26.95272690371481	85.8394775390625	-1	-1	-1	
137.43257784843445	250.72840168333295	26.95272690371481	84.6309814453125	-1	-1	-1	
137.61262726783752	250.6979907096471	26.95272690371481	86.2020263671875	-1	-1	-1	
137.7926468849182	250.71927839122716	27.014473280518903	83.14453125	-1	-1	-1	
137.98161935806274	250.71927839122716	26.95272690371481	85.7186279296875	-1	-1	-1	
138.16158485412598	251.30621018336413	26.95272690371481	84.8001708984375	-1	-1	-1	
138.34162545204163	250.91086752544803	26.95272690371481	84.957275390625	-1	-1	-1	
138.52164220809937	250.95344288860827	26.95272690371481	83.47082519531249	-1	-1	-1	
138.7015995979309	251.18456628862077	26.95272690371481	83.990478515625	-1	-1	-1	
138.8905999660492	250.93215520702807	26.95272690371481	88.37731933593749	-1	-1	-1	
139.08859252929688	251.0842100754574	26.95272690371481	87.8939208984375	-1	-1	-1	
139.2506353855133	251.02338812808574	26.95272690371481	84.07507324218749	-1	-1	-1	
139.4250991344452	251.01426483597996	26.95272690371481	86.12951660156249	-1	-1	-1	
139.60512566566467	251.00210044650566	26.95272690371481	86.2503662109375	-1	-1	-1	
139.7851276397705	251.175442996515	26.95272690371481	84.957275390625	-1	-1	-1	
139.96954822540283	251.13590873072337	26.95272690371481	82.9390869140625	-1	-1	-1	
140.14954495429993	251.2149772623066	26.95272690371481	83.9058837890625	-1	-1	-1	
140.3318476676941	251.1054977570375	26.974464776800783	84.473876953125	-1	-1	-1	
140.51096200942993	251.12374434124905	26.95272690371481	85.28356933593749	-1	-1	-1	
140.69096088409424	251.2149772623066	26.95272690371481	83.6279296875	-1	-1	-1	
140.87996435165405	251.2149772623066	26.95272690371481	85.078125	-1	-1	-1	
141.05990839004517	251.29708689125843	26.95272690371481	86.2503662109375	-1	-1	-1	
141.23996376991272	251.24538823599244	26.95272690371481	83.990478515625	-1	-1	-1	
141.41993880271912	251.2757992096783	26.95272690371481	80.848388671875	-1	-1	-1	
141.59996676445007	251.1663197044093	27.135660029430248	86.0086669921875	-1	-1	-1	
141.77993416786194	251.36703213073594	26.95272690371481	87.2171630859375	-1	-1	-1	
141.95996952056885	251.1663197044093	26.95272690371481	85.80322265625	-1	-1	-1	
142.1399462223053	251.18456628862077	26.95272690371481	83.86962890625	-1	-1	-1	
142.31997179985046	251.22714165178098	26.95272690371481	83.9058837890625	-1	-1	-1	
142.49995231628418	251.11462104914327	26.95272690371481	84.14758300781249	-1	-1	-1	
142.67991638183594	251.175442996515	26.95272690371481	85.6461181640625	-1	-1	-1	
142.868976354599	251.00210044650566	26.95272690371481	82.4556884765625	-1	-1	-1	
143.05140209197998	251.13590873072337	26.95272690371481	86.0086669921875	-1	-1	-1	
143.23142910003662	251.02338812808574	26.95272690371481	83.7850341796875	-1	-1	-1	
143.4114329814911	251.01426483597996	26.95272690371481	84.99353027343749	-1	-1	-1	
143.59142661094666	250.99297715439988	26.95272690371481	85.35607910156249	-1	-1	-1	
143.77258276939392	250.94127849913394	27.00538427435055	81.2471923828125	-1	-1	-1	
143.95256876945496	251.24538823599244	26.95272690371481	86.37121582031249	-1	-1	-1	
144.13254976272583	250.9838538622941	26.95272690371481	85.35607910156249	-1	-1	-1	
144.31471228599548	250.90174423334233	26.95272690371481	84.83642578125	-1	-1	-1	
144.49467706680298	250.94127849913394	26.95272690371481	86.8546142578125	-1	-1	-1	
144.68172430992126	250.93215520702807	26.95272690371481	84.0267333984375	-1	-1	-1	
144.85458207130432	251.1054977570375	26.95272690371481	83.30163574218751	-1	-1	-1	
145.0345823764801	251.0325114201915	26.95272690371481	85.1627197265625	-1	-1	-1	
145.21458745002747	250.99297715439988	26.95272690371481	84.3167724609375	-1	-1	-1	
145.39531588554382	250.9716894728197	26.95272690371481	85.35607910156249	-1	-1	-1	
145.58432126045227	250.9716894728197	26.95272690371481	84.5584716796875	-1	-1	-1	
145.76435708999634	251.1663197044093	26.95272690371481	85.28356933593749	-1	-1	-1	
145.94434690475464	251.0842100754574	26.95272690371481	85.440673828125	-1	-1	-1	
146.1243441104889	250.96256618071405	26.95272690371481	85.9603271484375	-1	-1	-1	
146.30437755584717	251.19673067809507	26.95272690371481	84.75183105468749	-1	-1	-1	
146.48437929153442	251.14503202282916	26.95272690371481	85.92407226562499	-1	-1	-1	
146.67335295677185	251.2666759175725	26.95272690371481	85.59777832031249	-1	-1	-1	
146.85334706306458	251.25755262546681	26.95272690371481	83.6641845703125	-1	-1	-1	
147.03332114219666	251.2666759175725	26.95272690371481	85.1627197265625	-1	-1	-1	
147.21332240104675	251.12374434124905	26.95272690371481	83.74877929687499	-1	-1	-1	
147.39337277412415	251.12374434124905	26.95272690371481	82.781982421875	-1	-1	-1	
147.57332968711853	251.12374434124905	26.95272690371481	85.28356933593749	-1	-1	-1	
147.75338125228882	251.18456628862077	26.95272690371481	84.8001708984375	-1	-1	-1	
147.93336367607117	251.15415531493488	27.014473280518903	85.59777832031249	-1	-1	-1	
148.11394834518433	251.07508678335165	26.95272690371481	84.232177734375	-1	-1	-1	
148.2850697040558	251.33662115705	26.95272690371481	86.407470703125	-1	-1	-1	
148.4836347103119	250.9716894728197	26.95272690371481	84.2684326171875	-1	-1	-1	
148.6530168056488	250.9716894728197	26.95272690371481	86.6129150390625	-1	-1	-1	
148.83146572113037	251.05379910177157	26.95272690371481	84.1959228515625	-1	-1	-1	
149.01638293266296	250.94127849913394	26.95272690371481	86.2503662109375	-1	-1	-1	
149.20131945610046	250.96256618071405	26.95272690371481	82.540283203125	-1	-1	-1	
149.3862099647522	251.1054977570375	26.95272690371481	85.0418701171875	-1	-1	-1	
149.5652413368225	250.94127849913394	26.95272690371481	85.1627197265625	-1	-1	-1	
149.74509000778198	250.90174423334233	26.95272690371481	83.6641845703125	-1	-1	-1	
149.92475652694702	251.01426483597996	26.95272690371481	85.19897460937499	-1	-1	-1	
150.10451674461365	251.0842100754574	26.95272690371481	85.19897460937499	-1	-1	-1	
150.28490686416626	251.0325114201915	26.95272690371481	86.44372558593749	-1	-1	-1	
150.4647192955017	251.00210044650566	26.95272690371481	85.52526855468749	-1	-1	-1	
150.65456533432007	250.99297715439988	26.95272690371481	83.47082519531249	-1	-1	-1	
150.83457970619202	251.00210044650566	26.95272690371481	81.93603515625	-1	-1	-1	
151.0148627758026	251.2666759175725	26.95272690371481	85.0418701171875	-1	-1	-1	
151.24331831932068	250.84092228597055	26.95272690371481	85.440673828125	-1	-1	-1	
151.37472772598267	250.89262094123654	26.95272690371481	85.4769287109375	-1	-1	-1	
151.55984163284302	250.9838538622941	26.95272690371481	85.52526855468749	-1	-1	-1	
151.73466229438782	251.00210044650566	26.95272690371481	85.52526855468749	-1	-1	-1	
151.91508197784424	250.7709770464931	26.95272690371481	82.7457275390625	-1	-1	-1	
152.08954334259033	251.02338812808574	26.95272690371481	81.3680419921875	-1	-1	-1	
152.27754092216492	251.14503202282916	26.95272690371481	83.34997558593749	-1	-1	-1	
152.46258783340454	250.95344288860827	26.95272690371481	85.7186279296875	-1	-1	-1	
152.63196516036987	251.13590873072337	26.95272690371481	86.49206542968749	-1	-1	-1	
152.8169105052948	251.15415531493488	26.95272690371481	84.473876953125	-1	-1	-1	
152.99536228179932	251.11462104914327	26.95272690371481	83.95422363281249	-1	-1	-1	
153.1802761554718	251.12374434124905	27.014473280518903	83.95422363281249	-1	-1	-1	
153.36527705192566	251.07508678335165	26.95272690371481	83.47082519531249	-1	-1	-1	
153.55019998550415	251.05379910177157	26.95272690371481	85.9603271484375	-1	-1	-1	
153.7195611000061	250.9838538622941	26.95272690371481	84.2684326171875	-1	-1	-1	
153.8980357646942	251.0325114201915	26.95272690371481	85.7669677734375	-1	-1	-1	
154.0830135345459	251.1663197044093	26.95272690371481	83.95422363281249	-1	-1	-1	
154.2731659412384	251.30621018336413	26.95272690371481	86.2020263671875	-1	-1	-1	
154.45258903503418	251.02338812808574	26.95272690371481	83.6641845703125	-1	-1	-1	
154.62198114395142	251.05379910177157	26.95272690371481	84.4376220703125	-1	-1	-1	
154.81605315208435	251.18456628862077	26.95272690371481	84.71557617187499	-1	-1	-1	
154.98534488677979	251.0446758096658	26.95272690371481	83.6279296875	-1	-1	-1	
155.1702218055725	251.13590873072337	26.95272690371481	85.440673828125	-1	-1	-1	
155.3551163673401	250.99297715439988	26.95272690371481	85.28356933593749	-1	-1	-1	
155.54019975662231	250.9716894728197	26.95272690371481	85.31982421874999	-1	-1	-1	
155.71860909461975	251.07508678335165	26.95272690371481	85.9603271484375	-1	-1	-1	
155.88797545433044	251.07508678335165	26.95272690371481	84.232177734375	-1	-1	-1	
156.07294416427612	250.8713332596565	26.95272690371481	82.4556884765625	-1	-1	-1	
156.25795674324036	250.8713332596565	26.95272690371481	84.5947265625	-1	-1	-1	
156.44297289848328	251.0842100754574	26.95272690371481	85.2352294921875	-1	-1	-1	
156.64352321624756	250.91086752544803	26.95272690371481	84.14758300781249	-1	-1	-1	
156.798969745636	251.06292239387736	26.95272690371481	87.09631347656249	-1	-1	-1	
156.9774465560913	250.84092228597055	26.95272690371481	85.440673828125	-1	-1	-1	
157.17062544822693	251.31837457283854	26.95272690371481	85.2352294921875	-1	-1	-1	
157.34308671951294	250.93215520702807	26.95272690371481	84.3167724609375	-1	-1	-1	
157.5256609916687	250.84092228597055	26.95272690371481	84.11132812499999	-1	-1	-1	
157.71059608459473	250.88045655176217	26.95272690371481	84.92102050781249	-1	-1	-1	
157.88904285430908	251.05379910177157	26.95272690371481	84.5947265625	-1	-1	-1	
158.0740988254547	250.91086752544803	26.95272690371481	83.5916748046875	-1	-1	-1	
158.24258708953857	250.96256618071405	26.95272690371481	86.37121582031249	-1	-1	-1	
158.42756843566895	250.90174423334233	26.95272690371481	84.473876953125	-1	-1	-1	
158.60597920417786	250.9838538622941	26.95272690371481	83.34997558593749	-1	-1	-1	
158.79005765914917	250.92303191492243	26.95272690371481	86.32287597656251	-1	-1	-1	
158.97506475448608	250.91086752544803	26.95272690371481	84.957275390625	-1	-1	-1	
159.1599190235138	250.92303191492243	26.95272690371481	83.50708007812499	-1	-1	-1	
159.33838558197021	251.0842100754574	26.95272690371481	85.8394775390625	-1	-1	-1	
159.5076880455017	251.22714165178098	26.95272690371481	86.8546142578125	-1	-1	-1	
159.69276428222656	251.1663197044093	26.95272690371481	84.5101318359375	-1	-1	-1	
159.87734198570251	250.91086752544803	26.95272690371481	81.97229003906249	-1	-1	-1	
160.06226754188538	251.13590873072337	26.95272690371481	83.2291259765625	-1	-1	-1	
160.24071145057678	250.88045655176217	26.95272690371481	86.12951660156249	-1	-1	-1	
160.41359877586365	251.02338812808574	26.95272690371481	85.59777832031249	-1	-1	-1	
160.60766792297363	251.0842100754574	26.95272690371481	86.0086669921875	-1	-1	-1	
160.77703833580017	251.14503202282916	26.95272690371481	86.890869140625	-1	-1	-1	
160.9620180130005	251.19673067809507	26.95272690371481	85.4044189453125	-1	-1	-1	
161.14700937271118	251.1054977570375	26.95272690371481	85.7669677734375	-1	-1	-1	
161.3319857120514	251.22714165178098	26.95272690371481	85.19897460937499	-1	-1	-1	
161.51686668395996	250.96256618071405	26.95272690371481	83.71252441406249	-1	-1	-1	
161.68428921699524	250.99297715439988	26.95272690371481	85.28356933593749	-1	-1	-1	
161.87747192382812	250.9838538622941	26.95272690371481	84.8001708984375	-1	-1	-1	
162.05434370040894	251.01426483597996	26.95272690371481	83.6279296875	-1	-1	-1	
162.23275518417358	250.88045655176217	26.95272690371481	83.86962890625	-1	-1	-1	
162.41217279434204	250.7709770464931	26.95272690371481	84.473876953125	-1	-1	-1	
162.59391736984253	251.5312513886395	26.95272690371481	84.92102050781249	-1	-1	-1	
162.77542805671692	251.0325114201915	26.95272690371481	85.19897460937499	-1	-1	-1	
163.2796926498413	250.91086752544803	26.95272690371481	85.80322265625	-1	-1	-1	
163.35569429397583	250.93215520702807	26.95272690371481	84.0267333984375	-1	-1	-1	
163.4680881500244	250.78010033859888	26.95272690371481	82.2139892578125	-1	-1	-1	
163.568617105484	250.5976344964838	26.95272690371481	84.3167724609375	-1	-1	-1	
163.748046875	250.49727828332047	26.95272690371481	85.19897460937499	-1	-1	-1	
163.9318015575409	250.14146989119598	26.95272690371481	85.31982421874999	-1	-1	-1	
164.11341428756714	249.86446540622387	27.30835114662891	83.54333496093749	-1	-1	-1	
164.29495525360107	249.4997618042963	26.95272690371481	84.92102050781249	-1	-1	-1	
164.46430587768555	249.45923918185989	26.95272690371481	83.265380859375	-1	-1	-1	
164.64916515350342	249.49041042988787	26.95272690371481	85.92407226562499	-1	-1	-1	
164.83415174484253	249.64626667002784	26.95272690371481	83.42248535156249	-1	-1	-1	
165.012592792511	249.74913178852023	26.95272690371481	81.8514404296875	-1	-1	-1	
165.1953055858612	249.74913178852023	26.95272690371481	85.28356933593749	-1	-1	-1	
165.37679243087769	249.74913178852023	26.95272690371481	84.71557617187499	-1	-1	-1	
165.5592396259308	249.92680790227985	26.95272690371481	84.3167724609375	-1	-1	-1	
165.7285280227661	250.49727828332047	26.95272690371481	83.38623046875	-1	-1	-1	
165.9226005077362	250.66757973596125	26.95272690371481	83.42248535156249	-1	-1	-1	
166.10144472122192	250.95344288860827	26.95272690371481	86.44372558593749	-1	-1	-1	
166.28339290618896	251.05379910177157	26.95272690371481	84.67932128906249	-1	-1	-1	
166.46500158309937	251.30621018336413	26.95272690371481	84.35302734374999	-1	-1	-1	
166.64079546928406	251.63160760180287	26.95272690371481	83.30163574218751	-1	-1	-1	
166.8256630897522	251.71371723075467	26.95272690371481	83.47082519531249	-1	-1	-1	
166.9950292110443	251.91442965708129	26.95272690371481	83.1807861328125	-1	-1	-1	
167.18909120559692	251.89618307286977	26.95272690371481	84.5947265625	-1	-1	-1	
167.3584201335907	252.1273064728823	27.114452348370765	87.5797119140625	-1	-1	-1	
167.54333758354187	252.06648452551053	26.96204313503737	85.28356933593749	-1	-1	-1	
167.72829866409302	251.95700502024147	26.95272690371481	85.28356933593749	-1	-1	-1	
167.9131429195404	251.83536112549805	26.95272690371481	85.19897460937499	-1	-1	-1	
168.0915732383728	251.8049501518122	26.95272690371481	82.57653808593749	-1	-1	-1	
168.27496790885925	251.68330625706884	26.95272690371481	83.7850341796875	-1	-1	-1	
168.44418334960938	251.71371723075467	26.95272690371481	83.50708007812499	-1	-1	-1	
168.62913823127747	251.3487855465244	26.95272690371481	83.8333740234375	-1	-1	-1	
168.8075292110443	251.41873078600184	26.95272690371481	84.14758300781249	-1	-1	-1	
169.00054001808167	251.175442996515	26.974464776800783	84.92102050781249	-1	-1	-1	
169.17183542251587	250.95344288860827	26.95272690371481	84.3167724609375	-1	-1	-1	
169.35328650474548	250.95344288860827	26.95272690371481	82.6973876953125	-1	-1	-1	
169.54083919525146	250.74056607280727	26.95272690371481	86.044921875	-1	-1	-1	
169.7257685661316	250.8196346043905	26.95272690371481	85.1627197265625	-1	-1	-1	
169.9041633605957	250.4242919464744	26.95272690371481	85.5615234375	-1	-1	-1	
170.07349038124084	250.31481244120528	26.95272690371481	83.7850341796875	-1	-1	-1	
170.25835156440735	250.29352475962523	26.95272690371481	82.9874267578125	-1	-1	-1	
170.44333171844482	250.07152465171853	26.95272690371481	82.6248779296875	-1	-1	-1	
170.6281852722168	250.32393573331106	26.95272690371481	85.1627197265625	-1	-1	-1	
170.80658388137817	250.24182610435932	26.95272690371481	84.67932128906249	-1	-1	-1	
170.99155187606812	250.13234659909025	27.05385897391509	85.078125	-1	-1	-1	
171.16081762313843	250.39388097278854	26.95272690371481	83.8333740234375	-1	-1	-1	
171.34567427635193	250.4242919464744	26.95272690371481	85.35607910156249	-1	-1	-1	
171.53055596351624	250.51552486753192	26.95272690371481	84.71557617187499	-1	-1	-1	
171.70893263816833	250.51552486753192	26.95272690371481	83.2291259765625	-1	-1	-1	
171.89384126663208	250.74056607280727	26.95272690371481	83.0599365234375	-1	-1	-1	
172.0631868839264	250.72840168333295	26.95272690371481	85.682373046875	-1	-1	-1	
172.25247740745544	250.9716894728197	26.95272690371481	82.9874267578125	-1	-1	-1	
172.430734872818	251.05379910177157	27.075066654974577	83.9058837890625	-1	-1	-1	
172.61345601081848	251.13590873072337	26.95272690371481	83.6641845703125	-1	-1	-1	
172.79560256004333	251.14503202282916	26.95272690371481	83.1807861328125	-1	-1	-1	
172.98043012619019	251.36703213073594	26.95272690371481	84.5947265625	-1	-1	-1	
173.1588032245636	251.35790883863018	26.95272690371481	86.2503662109375	-1	-1	-1	
173.33834290504456	251.41873078600184	26.95272690371481	84.5947265625	-1	-1	-1	
173.52011370658875	251.2149772623066	26.95272690371481	84.71557617187499	-1	-1	-1	
173.70204758644104	251.36703213073594	26.95272690371481	83.265380859375	-1	-1	-1	
173.88356637954712	251.29708689125843	26.95272690371481	85.440673828125	-1	-1	-1	
174.05359721183777	251.68330625706884	26.95272690371481	86.0811767578125	-1	-1	-1	
174.2380599975586	251.25755262546681	26.95272690371481	81.815185546875	-1	-1	-1	
174.42296934127808	251.29708689125843	26.95272690371481	84.83642578125	-1	-1	-1	
174.60143327713013	251.32749786494432	26.95272690371481	84.71557617187499	-1	-1	-1	
174.78416085243225	251.05379910177157	26.95272690371481	85.28356933593749	-1	-1	-1	
174.96553683280945	251.23626494388668	26.95272690371481	84.8001708984375	-1	-1	-1	
175.1474974155426	250.96256618071405	26.96204313503737	83.10827636718749	-1	-1	-1	
175.32909226417542	250.9716894728197	27.296232471737774	83.54333496093749	-1	-1	-1	
175.5172941684723	251.11462104914327	26.95272690371481	83.86962890625	-1	-1	-1	
175.68659734725952	250.83179899386488	26.95272690371481	84.957275390625	-1	-1	-1	
175.87146854400635	250.83179899386488	26.95272690371481	83.265380859375	-1	-1	-1	
176.05635571479797	250.50640157542614	26.95272690371481	83.023681640625	-1	-1	-1	
176.24130058288574	250.45470292016026	26.95272690371481	83.34997558593749	-1	-1	-1	
176.41969633102417	250.54593584121776	26.95272690371481	87.0479736328125	-1	-1	-1	
176.58898282051086	250.57634681490362	26.95272690371481	84.71557617187499	-1	-1	-1	
176.77388763427734	250.8196346043905	26.95272690371481	86.0811767578125	-1	-1	-1	
176.95883893966675	250.65845644385547	26.95272690371481	83.7850341796875	-1	-1	-1	
177.14373898506165	250.78010033859888	26.95272690371481	81.2109375	-1	-1	-1	
177.32218623161316	250.60675778858956	26.95272690371481	85.1627197265625	-1	-1	-1	
177.50700688362122	250.68886741754133	26.95272690371481	84.1959228515625	-1	-1	-1	
177.6763572692871	250.8622099675507	26.95272690371481	84.473876953125	-1	-1	-1	
177.86120319366455	250.78922363070467	26.95272690371481	85.28356933593749	-1	-1	-1	
178.0462040901184	250.96256618071405	26.95272690371481	87.0479736328125	-1	-1	-1	
178.224591255188	250.91086752544803	26.95272690371481	87.16882324218749	-1	-1	-1	
178.40951228141785	251.02338812808574	26.95272690371481	86.12951660156249	-1	-1	-1	
178.57878851890564	251.175442996515	26.95272690371481	84.83642578125	-1	-1	-1	
178.76380825042725	251.01426483597996	26.95272690371481	87.4951171875	-1	-1	-1	
178.948632478714	251.14503202282916	26.95272690371481	82.8182373046875	-1	-1	-1	
179.12700986862183	250.9716894728197	26.95272690371481	83.14453125	-1	-1	-1	
179.31192326545715	250.95344288860827	26.95272690371481	84.35302734374999	-1	-1	-1	
179.49685788154602	251.12374434124905	26.95272690371481	83.8333740234375	-1	-1	-1	
179.66615104675293	251.05379910177157	26.95272690371481	83.5916748046875	-1	-1	-1	
179.85097646713257	250.99297715439988	26.95272690371481	84.75183105468749	-1	-1	-1	
180.02937006950378	250.8622099675507	26.95272690371481	84.75183105468749	-1	-1	-1	
180.21427154541016	250.8713332596565	26.95272690371481	84.3892822265625	-1	-1	-1	
180.39919352531433	251.05379910177157	26.95272690371481	86.2020263671875	-1	-1	-1	
180.58405303955078	250.95344288860827	26.95272690371481	83.74877929687499	-1	-1	-1	
180.75337529182434	251.175442996515	26.95272690371481	83.95422363281249	-1	-1	-1	
180.93182182312012	251.07508678335165	26.95272690371481	83.38623046875	-1	-1	-1	
181.11672472953796	250.8622099675507	26.98378100812334	83.34997558593749	-1	-1	-1	
181.30717587471008	250.84092228597055	26.95272690371481	85.80322265625	-1	-1	-1	
181.48877811431885	250.89262094123654	26.95272690371481	85.6461181640625	-1	-1	-1	
181.67034316062927	250.83179899386488	26.95272690371481	83.42248535156249	-1	-1	-1	
181.8496789932251	250.85004557807633	26.95272690371481	85.7669677734375	-1	-1	-1	
182.02809929847717	251.05379910177157	26.95272690371481	84.35302734374999	-1	-1	-1	
182.2130138874054	250.85004557807633	26.95272690371481	85.80322265625	-1	-1	-1	
182.38240909576416	250.85004557807633	26.95272690371481	84.957275390625	-1	-1	-1	
182.56728339195251	250.78922363070467	26.95272690371481	83.14453125	-1	-1	-1	
182.75230431556702	250.63716876227542	26.95272690371481	82.29858398437499	-1	-1	-1	
182.9306881427765	250.8622099675507	26.95272690371481	83.7850341796875	-1	-1	-1	
183.1136646270752	250.68886741754133	26.95272690371481	86.2020263671875	-1	-1	-1	
183.2951521873474	250.71015509912144	26.95272690371481	85.31982421874999	-1	-1	-1	
183.4784562587738	250.84092228597055	26.95272690371481	84.3167724609375	-1	-1	-1	
183.65826296806335	250.84092228597055	26.95272690371481	83.9058837890625	-1	-1	-1	
183.8402099609375	250.67974412543555	26.95272690371481	83.2291259765625	-1	-1	-1	
184.02175879478455	250.81051131228472	26.95272690371481	83.74877929687499	-1	-1	-1	
184.2039647102356	250.99297715439988	26.95272690371481	85.59777832031249	-1	-1	-1	
184.37316751480103	250.91086752544803	26.95272690371481	86.044921875	-1	-1	-1	
184.55156326293945	251.23626494388668	26.95272690371481	87.37426757812499	-1	-1	-1	
184.7464406490326	250.95344288860827	26.95272690371481	86.37121582031249	-1	-1	-1	
184.92806911468506	250.78010033859888	26.95272690371481	84.99353027343749	-1	-1	-1	
185.10958862304688	251.06292239387736	26.95272690371481	84.35302734374999	-1	-1	-1	
185.2899808883667	250.84092228597055	26.95272690371481	84.473876953125	-1	-1	-1	
185.47130823135376	251.1054977570375	26.95272690371481	83.8333740234375	-1	-1	-1	
185.64335703849792	250.80138802017902	26.95272690371481	84.67932128906249	-1	-1	-1	
185.83024668693542	251.01426483597996	26.95272690371481	86.44372558593749	-1	-1	-1	
186.01515102386475	250.95344288860827	26.95272690371481	85.7186279296875	-1	-1	-1	
186.196439743042	250.8622099675507	26.95272690371481	84.71557617187499	-1	-1	-1	
186.37009692192078	250.83179899386488	26.95272690371481	86.8546142578125	-1	-1	-1	
186.55179286003113	250.95344288860827	26.95272690371481	86.12951660156249	-1	-1	-1	
186.74135160446167	250.95344288860827	26.95272690371481	87.3380126953125	-1	-1	-1	
186.91482520103455	250.7709770464931	26.95272690371481	86.0086669921875	-1	-1	-1	
187.0965530872345	250.9838538622941	26.95272690371481	85.440673828125	-1	-1	-1	
187.28232598304749	250.88045655176217	26.95272690371481	84.232177734375	-1	-1	-1	
187.45940566062927	250.88045655176217	26.95272690371481	85.80322265625	-1	-1	-1	
187.6392047405243	250.84092228597055	26.95272690371481	83.86962890625	-1	-1	-1	
187.82079219818115	250.8196346043905	26.95272690371481	83.990478515625	-1	-1	-1	
188.00242114067078	250.90174423334233	26.95272690371481	86.044921875	-1	-1	-1	
188.18398761749268	250.8622099675507	26.95272690371481	85.9603271484375	-1	-1	-1	
188.3658263683319	250.83179899386488	26.95272690371481	85.6461181640625	-1	-1	-1	
188.54748606681824	250.99297715439988	26.95272690371481	84.75183105468749	-1	-1	-1	
188.72936725616455	250.81051131228472	26.95272690371481	85.6461181640625	-1	-1	-1	
188.91106700897217	250.72840168333295	26.95272690371481	84.99353027343749	-1	-1	-1	
189.09259390830994	250.78010033859888	26.95272690371481	83.38623046875	-1	-1	-1	
189.26623678207397	250.8622099675507	26.95272690371481	85.2352294921875	-1	-1	-1	
